locusId	orth511145.locusId
3471954	14146
3471955	14147
3471956	14148
3471957	14149
3471958	
3471959	14151
3471960	14152
3471961	14153
3471962	14154
3471963	14155
3471964	14156
3471965	14158
3471966	
3471967	14159
3471968	14160
3471969	
3471970	
3471971	14164
3471972	14165
3471973	
3471974	
3471975	
3471976	
3471977	14168
3471978	14169
3471979	14170
3471980	14171
3471981	14172
3471982	
3471983	14174
3471984	14175
3471985	14176
3471986	
3471987	14177
3471988	14178
3471989	
3471990	14180
3471991	14181
3471992	14182
3471993	14183
3471994	14184
3471995	14185
3471996	14186
3471997	
3471998	
3471999	14187
3472000	14188
3472001	14189
3472002	14190
3472003	14191
3472004	14192
3472005	14193
3472006	14194
3472007	14195
3472008	14196
3472009	14197
3472010	14198
3472011	14199
3472012	14200
3472013	14201
3472014	14204
3472015	14205
3472016	14206
3472017	14207
3472018	14208
3472019	14209
3472020	14210
3472021	14211
3472022	14212
3472023	14213
3472024	14214
3472025	
3472026	14215
3472027	1936207
3472028	14217
3472029	14218
3472030	14219
3472031	14220
3472032	14221
3472033	14222
3472034	
3472035	1936210
3472036	14224
3472037	
3472038	14226
3472039	14227
3472040	14228
3472041	14229
3472042	14230
3472043	14231
3472044	14232
3472045	
3472046	14234
3472047	14235
3472048	14236
3472049	14237
3472050	14238
3472051	14239
3472052	14240
3472053	14241
3472054	14242
3472055	14243
3472056	14244
3472057	14245
3472058	14247
3472059	14248
3472060	14249
3472061	14250
3472062	14252
3472063	14253
3472064	
3472065	14255
3472066	14256
3472067	14257
3472068	14258
3472069	14259
3472070	14260
3472071	14261
3472072	14262
3472073	14263
3472074	14264
3472075	14265
3472076	14266
3472077	14267
3472078	14268
3472079	14269
3472080	14270
3472081	14271
3472082	14272
3472083	14273
3472084	14274
3472085	14275
3472086	14276
3472087	14277
3472088	14278
3472089	14279
3472090	14280
3472091	
3472092	14282
3472093	
3472094	
3472095	14286
3472096	
3472097	14288
3472098	14289
3472099	14290
3472100	14291
3472101	14292
3472102	14293
3472103	14294
3472104	14295
3472105	
3472106	14296
3472107	14297
3472108	14298
3472109	14299
3472110	14300
3472111	14301
3472112	14302
3472113	14303
3472114	14304
3472115	14305
3472116	14306
3472117	14307
3472118	14308
3472119	14309
3472120	14312
3472121	14313
3472122	14314
3472123	
3472124	14315
3472125	14316
3472126	14317
3472127	14318
3472128	14319
3472129	14320
3472130	14321
3472131	14322
3472132	14323
3472133	14324
3472134	14325
3472135	14326
3472136	14327
3472137	14328
3472138	14329
3472139	14330
3472140	14331
3472141	14332
3472142	14333
3472143	14334
3472144	14335
3472145	1936225
3472146	14336
3472147	14337
3472148	14338
3472149	
3472150	14339
3472151	14340
3472152	14341
3472153	14342
3472154	14343
3472155	14344
3472156	14345
3472157	14346
3472158	
3472159	
3472160	
3472161	
3472162	
3472163	
3472164	14347
3472165	14348
3472166	14349
3472167	14350
3472168	14351
3472169	14352
3472170	14353
3472171	14354
3472172	14355
3472173	
3472174	
3472175	14356
3472176	
3472177	
3472178	
3472179	
3472180	
3472181	
3472182	
3472183	
3472184	
3472185	
3472186	
3472187	
3472188	
3472189	
3472190	
3472191	
3472192	
3472193	
3472194	
3472195	
3472196	
3472197	
3472198	
3472199	
3472200	14358
3472201	14359
3472202	14360
3472203	14361
3472204	14362
3472205	14363
3472206	14364
3472207	14365
3472208	14366
3472209	
3472210	
3472211	14368
3472212	
3472213	14370
3472214	14373
3472215	
3472216	14375
3472217	14376
3472218	14377
3472219	14378
3472220	14379
3472221	14380
3472222	14381
3472223	14382
3472224	
3472225	
3472226	
3472227	
3472228	
3472229	
3472230	
3472231	
3472232	
3472233	
3472234	
3472235	
3472236	
3472237	
3472238	
3472239	
3472240	
3472241	
3472242	
3472243	
3472244	
3472245	
3472246	
3472247	
3472248	
3472249	
3472250	
3472251	
3472252	
3472253	14686
3472254	
3472255	
3472256	
3472257	
3472258	
3472259	
3472260	
3472261	
3472262	
3472263	
3472264	
3472265	
3472266	
3472267	
3472268	
3472269	
3472270	
3472271	
3472272	
3472273	
3472274	
3472275	
3472276	
3472277	
3472278	
3472279	
3472280	
3472281	
3472282	
3472283	
3472284	
3472285	
3472286	
3472287	
3472288	
3472289	
3472290	
3472291	
3472292	
3472293	
3472294	
3472295	
3472296	
3472297	
3472298	
3472299	
3472300	14432
3472301	1936249
3472302	14434
3472303	
3472304	
3472305	
3472306	14439
3472308	14442
3472309	
3472310	14443
3472311	14444
3472312	14445
3472313	14446
3472314	14448
3472315	
3472316	
3472317	
3472318	
3472319	
3472320	
3472321	
3472322	14449
3472323	14450
3472324	14451
3472325	14452
3472326	
3472327	14453
3472328	14454
3472329	14455
3472330	
3472331	14456
3472332	14457
3472333	14458
3472334	14459
3472335	14461
3472336	14462
3472337	
3472338	
3472339	
3472340	
3472341	
3472342	14463
3472343	14464
3472344	
3472346	14465
3472347	14466
3472348	14467
3472349	14468
3472350	14469
3472351	14471
3472352	14472
3472353	14473
3472354	14474
3472355	14475
3472356	14476
3472357	14477
3472358	14478
3472359	14479
3472360	14481
3472361	14482
3472362	14483
3472363	14484
3472364	14485
3472365	14486
3472366	14487
3472367	14488
3472368	14489
3472369	14490
3472370	14491
3472371	14492
3472372	
3472373	14493
3472374	14494
3472375	
3472376	14496
3472377	
3472378	14501
3472379	14502
3472380	
3472381	
3472382	14503
3472383	14504
3472384	14505
3472385	14506
3472386	14507
3472387	
3472388	
3472389	
3472390	
3472391	14513
3472392	14514
3472393	
3472394	
3472395	14515
3472396	14516
3472397	14517
3472398	14518
3472399	14519
3472400	
3472401	
3472402	14520
3472403	14521
3472404	
3472405	14523
3472406	14524
3472407	14525
3472408	14526
3472409	14527
3472410	14528
3472411	
3472412	14530
3472413	14531
3472414	14532
3472415	14534
3472416	14535
3472417	14536
3472418	
3472419	14537
3472420	14538
3472421	
3472422	
3472423	14539
3472424	14540
3472425	14541
3472426	14542
3472427	14543
3472428	14544
3472429	14545
3472430	14546
3472431	14547
3472432	14548
3472433	
3472434	14549
3472435	14550
3472436	14551
3472437	14552
3472438	14553
3472439	14554
3472440	14555
3472441	14556
3472442	14557
3472443	14558
3472444	14559
3472445	14560
3472446	
3472447	14561
3472448	14562
3472449	14563
3472450	14564
3472451	14565
3472452	
3472453	
3472454	
3472455	14566
3472456	14567
3472457	14568
3472458	14569
3472459	14570
3472460	14571
3472461	14572
3472462	
3472463	14573
3472464	
3472465	14574
3472466	14575
3472467	14576
3472468	14577
3472469	14578
3472470	14579
3472471	14580
3472472	14581
3472473	14582
3472474	14583
3472475	14584
3472476	14585
3472477	14586
3472478	14587
3472479	14588
3472480	14589
3472481	14590
3472482	14591
3472483	14592
3472484	
3472485	14593
3472486	14594
3472487	14595
3472488	14596
3472489	14597
3472490	14598
3472491	14599
3472492	14600
3472493	14601
3472494	14602
3472495	
3472496	14603
3472497	14604
3472498	14605
3472499	14606
3472500	14607
3472501	14608
3472502	14609
3472503	14610
3472504	14611
3472505	14612
3472506	14613
3472507	14614
3472508	14615
3472509	14616
3472510	14617
3472511	14618
3472512	
3472513	14619
3472514	14620
3472515	
3472516	
3472517	
3472518	14622
3472519	14623
3472520	14624
3472521	14625
3472522	14626
3472523	14627
3472524	14628
3472525	14629
3472526	14630
3472527	14631
3472528	14632
3472529	14633
3472530	14640
3472531	14641
3472532	14642
3472533	14643
3472534	14644
3472535	14645
3472536	14646
3472537	14648
3472538	14649
3472539	14650
3472540	14651
3472541	
3472542	14652
3472543	14653
3472544	14654
3472545	14655
3472546	
3472547	14657
3472548	14658
3472549	
3472550	14659
3472551	14660
3472552	14661
3472553	14662
3472554	
3472555	14664
3472556	14666
3472557	14667
3472558	
3472559	14668
3472560	14669
3472561	14670
3472562	14671
3472563	14672
3472564	
3472565	
3472566	
3472567	
3472568	
3472569	14706
3472570	
3472571	14708
3472572	
3472573	
3472574	
3472575	14712
3472576	
3472577	14714
3472578	
3472579	14716
3472580	14717
3472581	
3472582	
3472583	14719
3472584	14720
3472585	
3472586	
3472587	
3472588	
3472589	
3472590	
3472591	
3472592	
3472593	14726
3472594	
3472595	
3472596	
3472597	
3472598	
3472599	
3472600	
3472601	
3472602	
3472603	
3472604	
3472605	
3472606	14739
3472607	
3472608	
3472609	
3472610	
3472611	14744
3472612	14745
3472613	
3472614	14748
3472615	
3472616	
3472617	14751
3472618	
3472619	
3472620	
3472621	
3472622	14756
3472623	
3472624	
3472625	
3472626	
3472627	14760
3472628	14761
3472629	
3472630	
3472631	
3472632	
3472633	
3472634	
3472635	
3472636	
3472637	
3472638	
3472639	
3472640	
3472641	
3472642	14775
3472643	
3472644	14777
3472645	
3472646	14779
3472647	14780
3472648	14788
3472649	
3472650	14790
3472651	
3472652	
3472653	14792
3472654	
3472655	
3472656	14794
3472657	14795
3472658	14796
3472659	14797
3472660	14798
3472661	14799
3472662	
3472663	
3472664	
3472665	
3472666	
3472667	
3472668	
3472669	14804
3472670	
3472671	14805
3472672	14806
3472673	14807
3472674	14808
3472675	14809
3472676	
3472677	14810
3472678	
3472679	
3472680	14812
3472681	14813
3472682	14814
3472683	14815
3472684	14816
3472685	14817
3472686	14818
3472687	
3472688	14819
3472689	
3472690	
3472691	
3472692	14826
3472693	14827
3472694	14828
3472695	14829
3472696	14830
3472697	
3472698	14832
3472699	
3472700	
3472701	14836
3472702	
3472703	
3472704	14838
3472705	14839
3472706	14840
3472707	
3472708	14841
3472709	14842
3472710	14843
3472711	14844
3472712	14845
3472713	14846
3472714	14847
3472715	14848
3472716	14849
3472717	14850
3472718	14851
3472719	14852
3472720	14853
3472721	14854
3472722	14855
3472723	14856
3472724	14858
3472725	14859
3472726	14860
3472727	14861
3472728	14862
3472729	14863
3472730	
3472731	
3472732	
3472733	
3472734	
3472735	
3472736	14865
3472737	14866
3472738	1936336
3472739	14867
3472740	14868
3472741	14869
3472742	14870
3472743	
3472744	
3472745	14873
3472746	14874
3472747	
3472748	
3472749	
3472750	
3472751	
3472752	
3472753	
3472754	14875
3472755	14876
3472756	14877
3472757	14878
3472758	14879
3472759	14880
3472760	14881
3472761	14882
3472762	14883
3472763	14884
3472764	14885
3472765	14886
3472766	14887
3472767	14888
3472768	14889
3472769	14890
3472770	14891
3472771	14892
3472772	
3472773	14894
3472774	14895
3472775	14896
3472776	14897
3472777	14898
3472778	14899
3472779	14900
3472780	14901
3472781	14902
3472782	14903
3472783	14904
3472784	14905
3472785	14906
3472786	14907
3472787	14908
3472788	14909
3472789	14910
3472790	14911
3472791	14912
3472792	14913
3472793	14914
3472794	14915
3472795	14916
3472796	14917
3472797	14918
3472798	14919
3472799	14920
3472800	14921
3472801	14922
3472802	
3472803	14923
3472804	14924
3472805	14925
3472806	14926
3472807	14927
3472808	14928
3472809	14929
3472810	14930
3472811	14931
3472812	14932
3472813	14933
3472814	
3472815	14934
3472816	14935
3472817	14936
3472818	14937
3472819	
3472820	14938
3472821	14939
3472822	14940
3472823	
3472824	14942
3472825	14943
3472826	14944
3472827	14945
3472828	
3472829	
3472830	14947
3472831	14948
3472832	14949
3472833	14950
3472834	14951
3472835	14952
3472836	
3472837	14954
3472838	
3472839	14956
3472840	14957
3472841	14958
3472842	14959
3472843	
3472844	
3472845	14960
3472846	14961
3472847	
3472848	14963
3472849	14964
3472850	14965
3472851	14966
3472852	
3472853	14967
3472854	14968
3472855	14969
3472856	14970
3472857	14971
3472858	
3472859	
3472860	
3472861	
3472862	
3472863	
3472864	
3472865	
3472866	
3472867	
3472868	
3472869	
3472870	
3472871	
3472872	
3472873	
3472874	
3472875	
3472876	
3472877	
3472878	
3472879	
3472880	
3472881	
3472882	
3472883	
3472884	
3472885	
3472886	
3472887	
3472888	
3472889	
3472890	
3472891	
3472892	
3472893	
3472894	
3472895	
3472896	
3472897	
3472898	
3472899	
3472900	14972
3472901	14973
3472902	14974
3472903	14975
3472904	14976
3472905	
3472906	
3472907	14979
3472908	14980
3472909	14981
3472910	14982
3472911	14983
3472912	14984
3472913	
3472914	14985
3472915	14986
3472916	14987
3472917	14988
3472918	14989
3472919	14990
3472920	14991
3472921	14992
3472922	14993
3472923	14994
3472924	14995
3472925	14996
3472926	14997
3472927	14998
3472928	14999
3472929	
3472930	15001
3472931	15002
3472932	15003
3472933	15004
3472934	
3472935	15006
3472936	15007
11515719	
11658082	
11800474	
11515720	
11658083	
11800475	
11515721	
11658084	
11800476	
11515722	
11658085	
11800477	
11515723	
11658086	
11800478	
11515724	
11658087	
11800479	
11515725	
11658088	
11800480	
3472937	
3472938	15008
3472939	15009
3472940	15010
3472941	15011
3472942	15012
3472943	
3472944	15013
3472945	15014
3472946	15015
3472947	15016
3472948	15017
3472949	15018
3472950	15019
3472951	15020
3472952	
3472953	
3472954	15022
3472955	15023
3472956	15024
3472957	
3472958	15026
3472959	15027
3472960	15028
3472961	15029
3472962	15030
3472963	15031
3472964	15032
3472965	15033
3472966	15034
3472967	15035
3472968	15036
3472969	
3472970	15038
3472971	15039
3472972	15040
3472973	15041
3472974	15042
3472975	15043
3472976	15044
3472977	15045
3472978	15046
3472979	15047
3472980	15048
3472981	15049
3472982	15050
3472983	15051
3472984	
3472985	15052
3472986	15053
3472987	15054
3472988	15055
3472989	
3472990	15056
3472991	15057
3472992	15058
3472993	15059
3472994	15060
3472995	15061
3472996	
3472997	15063
3472998	15064
3472999	15065
3473000	15066
3473001	15067
3473002	15068
3473003	15069
3473004	15070
3473005	15071
3473006	15072
3473007	15073
3473008	15074
3473009	15075
3473010	15076
3473011	15077
3473012	15078
3473013	15079
3473014	15080
3473015	15081
3473016	15082
3473017	15083
3473018	15084
3473019	15085
3473020	15086
3473021	15087
3473022	15088
3473023	15089
3473024	15090
3473025	15091
3473026	15093
3473027	15094
3473028	
3473029	15095
3473030	15096
3473031	15097
3473032	15098
3473033	15099
3473034	15100
3473035	15101
3473036	15102
3473037	3446169
3473038	15104
3473039	15105
3473040	15106
3473041	15107
3473042	
3473043	15109
3473044	15110
3473045	15111
3473046	15113
3473047	15114
3473048	15115
3473049	
3473050	15116
3473051	
3473052	15117
3473053	15118
3473054	15119
3473055	15120
3473056	15121
3473057	15122
3473058	
3473059	15123
3473060	15124
3473061	15125
3473062	
3473063	15126
3473064	15127
3473065	15128
3473066	15129
3473067	
3473068	
3473069	15130
3473070	15131
3473071	15132
3473072	15133
3473073	15134
3473074	15135
3473075	15136
3473076	15137
3473077	15138
3473078	
3473079	15139
3473080	
3473081	15141
3473082	15142
3473083	15143
3473084	15144
3473085	15145
3473086	15146
3473087	
3473088	
3473089	
3473090	
3473091	15148
3473092	
3473093	
3473094	
3473095	15152
3473096	
3473097	
3473098	15155
3473099	15156
3473100	15157
3473101	15158
3473102	15159
3473103	15160
3473104	15161
3473105	15162
3473106	
3473107	15163
3473108	15164
3473109	15165
3473110	
3473111	
3473112	15166
3473113	15167
3473114	15168
3473115	15169
3473116	
3473117	15170
3473118	15171
3473119	
3473120	15172
3473121	15173
3473122	15175
3473123	
3473124	15176
3473125	15177
3473126	15178
3473127	15179
3473128	15180
3473129	15181
3473130	15182
3473131	15183
3473132	15184
3473133	15185
3473134	15186
3473135	15187
3473136	15188
3473137	15189
3473138	15190
3473139	15191
3473140	15192
3473141	15193
3473142	15194
3473143	15195
3473144	15196
3473145	15197
3473146	15198
3473147	15199
3473148	15200
3473149	15201
3473150	15202
3473151	15203
3473152	15204
3473153	15205
3473154	15206
3473155	15208
3473156	15209
3473157	
3473158	15210
3473159	15211
3473160	15212
3473161	15213
3473162	15214
3473163	15215
3473164	15216
3473165	15217
3473166	15218
3473167	15219
3473168	15220
3473169	15221
3473170	15222
3473171	15223
3473172	15224
3473173	
3473174	15225
3473175	15226
3473176	15227
3473177	15228
3473178	15229
3473179	15230
3473180	15231
3473181	15232
3473182	15233
3473183	15234
3473184	15235
3473185	15236
3473186	15237
3473187	15239
3473188	15240
3473189	15241
3473190	15242
3473191	15245
3473192	15246
3473193	
3473194	15248
3473195	15249
3473196	15250
3473197	15251
3473198	15252
3473199	15253
3473200	15254
3473201	15255
3473202	15256
3473203	15257
3473204	15258
3473205	15283
3473206	15284
3473207	15285
3473208	
3473209	
3473210	15288
3473211	15289
3473212	15290
3473213	1936424
3473214	
3473215	
3473216	
3473217	15293
3473218	15294
3473219	3446170
3473220	
3473221	
3473222	15296
3473223	15297
3473224	15298
3473225	
3473226	15300
3473227	15301
3473228	15302
3473229	15303
3473230	
3473231	
3473232	
3473233	15305
3473234	15306
3473235	15307
3473236	15308
3473237	15309
3473238	15310
3473239	15311
3473240	15312
3473241	15313
3473242	15314
3473243	15315
3473244	15316
3473245	15317
3473246	15318
3473247	15319
3473248	
3473249	15320
3473250	15321
3473251	15322
3473252	15323
3473253	15324
3473254	
3473255	15325
3473256	15326
3473257	15327
3473258	15328
3473259	15329
3473260	15330
3473261	15331
3473262	15332
3473263	15333
3473264	15334
3473265	15335
3473266	15336
3473267	15337
3473268	
3473269	1936441
3473270	
3473271	15338
3473272	15339
3473273	15340
3473274	15341
3473275	
3473276	15342
3473277	15343
3473278	15344
3473279	
3473280	15345
3473281	15346
3473282	15347
3473283	15348
3473284	15349
3473285	
3473286	
3473287	15352
3473288	
3473289	15354
3473290	15355
3473291	15356
3473292	15357
3473293	
3473294	15358
3473295	
3473296	15361
3473297	15362
3473298	15363
3473299	15364
3473300	15365
3473301	1936449
3473302	15367
3473303	15368
3473304	15369
3473305	15370
3473306	15371
3473307	15372
3473308	15373
3473309	15374
3473310	
3473311	15376
3473312	15377
3473313	15378
3473314	
3473315	15380
3473316	
3473317	15382
3473318	15383
3473319	15384
3473320	15385
3473321	15386
3473322	15387
3473323	15388
3473324	15389
3473325	15390
3473326	15391
3473327	15392
3473328	15393
3473329	15394
3473330	15395
3473331	
3473332	
3473333	15396
3473334	15397
3473335	15398
3473336	15399
3473337	15400
3473338	
3473339	15401
3473340	15402
3473341	15403
3473342	15404
3473343	3446173
3473344	15405
3473345	15406
3473346	15407
3473347	15408
3473348	
3473349	15409
3473350	15410
3473351	15411
3473352	15412
3473353	15413
3473354	15414
3473355	15415
3473356	
3473357	15416
3473358	15417
3473359	15418
3473360	15419
3473361	15420
3473362	15421
3473363	15422
3473364	15423
3473365	15424
3473366	15425
3473367	15426
3473368	15427
3473369	15428
3473370	15429
3473371	15430
3473372	15431
3473373	15432
3473374	15433
3473375	15434
3473376	15435
3473377	15436
3473378	15437
3473379	
3473380	15439
3473381	15440
3473382	15441
3473383	15442
3473384	15443
3473385	15444
3473386	15445
3473387	15446
3473388	15447
3473389	15448
3473390	
3473391	15449
3473392	15450
3473393	15452
3473394	15453
3473395	15454
3473396	15455
3473397	15456
3473398	15457
3473399	15458
3473400	
3473401	15459
3473402	
3473403	15460
3473404	15461
3473405	15462
3473406	
3473407	15463
3473408	15464
3473409	15498
3473410	15499
3473411	
3473412	15500
3473413	1936488
3473414	15501
3473415	15502
3473416	
3473417	15504
3473418	15505
3473419	15506
3473420	15507
3473421	15508
3473422	15509
3473423	15510
3473424	15511
3473425	15512
3473426	15513
3473427	15514
3473428	15515
3473429	15516
3473430	15517
3473431	15518
3473432	15519
3473433	15520
3473434	15521
3473435	15522
3473436	
3473437	15528
3473438	15529
3473439	15530
3473440	15531
3473441	15532
3473442	15533
3473443	15534
3473444	15535
3473445	15536
3473446	15537
3473447	
3473448	15539
3473449	15540
3473450	15541
3473451	15542
3473452	15543
3473453	15544
3473454	15545
3473455	15547
3473456	15548
3473457	15549
3473458	15550
3473459	15551
3473460	
3473461	15552
3473462	
3473463	15553
3473464	15554
3473465	15555
3473466	15556
3473467	15557
3473468	
3473469	15559
3473470	15560
3473471	15561
3473472	15562
3473473	15563
3473474	15564
3473475	15565
3473476	
3473477	
3473478	15566
3473479	15567
3473480	15568
3473481	15569
3473482	15570
3473483	15571
3473484	15572
3473485	
3473486	15573
3473487	15574
3473488	15575
3473489	
3473490	
3473491	
3473492	15582
3473493	15583
3473494	15584
3473495	
3473496	15586
3473497	15587
3473498	15588
3473499	15589
3473500	15590
3473501	
3473502	
3473503	15594
3473504	15595
3473505	15596
3473506	15597
3473507	
3473508	15598
3473509	15599
3473510	15600
3473511	15601
3473512	15602
3473513	15603
3473514	15604
3473515	15605
3473516	15606
3473517	15607
3473518	15608
3473519	15609
3473520	15610
3473521	15611
3473522	15612
3473523	15613
3473524	15614
3473525	15615
3473526	15616
3473527	15617
3473528	15618
3473529	15619
3473530	15620
3473531	15622
3473532	15623
3473533	15624
3473534	15625
3473535	
3473536	15628
3473537	15629
3473538	
3473539	15632
3473540	15633
3473541	
3473542	15635
3473543	15636
3473544	15637
3473545	15638
3473546	15639
3473547	15640
3473548	15641
3473549	1936527
3473550	15643
3473551	15644
3473552	15645
3473553	15646
3473554	15647
3473555	15648
3473556	15649
3473557	15650
3473558	
3473559	
3473560	
3473561	
3473562	
3473563	
3473564	
3473565	
3473566	
3473567	15654
3473568	15655
3473569	3446178
3473570	15656
3473571	15658
3473572	15659
3473573	15660
3473574	
3473575	15662
3473576	
3473577	15664
3473578	
3473579	
3473580	
3473581	
3473582	
3473583	
3473584	
3473585	
3473586	15672
3473587	15674
3473588	15675
3473589	15676
3473590	
3473591	
3473592	
3473593	
3473594	
3473595	
3473596	
3473597	
3473598	15701
3473599	15702
3473600	15703
3473601	15704
3473602	15705
3473603	15706
3473604	15707
3473605	15708
3473606	15709
3473607	15710
3473608	15711
3473609	15712
3473610	
3473611	15713
3473612	15714
3473613	15715
3473614	15716
3473615	15717
3473616	
3473617	15719
3473618	15720
3473619	15721
3473620	15722
3473621	15723
3473622	15724
3473623	
3473624	15725
3473625	15726
3473626	15727
3473627	15728
3473628	15729
3473629	15730
3473630	15731
3473631	15732
3473632	15733
3473633	15734
3473634	15735
3473635	15736
3473636	15737
3473637	15738
3473638	15739
3473639	15740
3473640	15741
3473641	15742
3473642	15743
3473643	15744
3473644	15745
3473645	1936552
3473646	15746
3473647	15747
3473648	15748
3473649	15749
3473650	15750
3473651	15751
3473652	15752
3473653	15753
3473654	15754
3473655	15755
3473656	15756
3473657	15757
3473658	15758
3473659	15759
3473660	15760
3473661	15761
3473662	1936555
3473663	15763
3473664	
3473665	15764
3473666	15765
3473667	15766
3473668	15767
3473669	1936558
3473670	
3473671	15770
3473672	15771
3473673	15772
3473674	15773
3473675	
3473676	15774
3473677	15775
3473678	
3473679	15776
3473680	15777
3473681	15778
3473682	3446182
3473683	15779
3473684	15780
3473685	1936561
3473686	15782
3473687	15783
3473688	1936562
3473689	15785
3473690	
3473691	
3473692	
3473693	15786
3473694	15787
3473695	
3473696	15789
3473697	15790
3473698	15791
3473699	15792
3473700	15793
3473701	15794
3473702	15795
3473703	15796
3473704	15797
3473705	15798
3473706	15799
3473707	15800
3473708	15801
3473709	15802
3473710	15803
3473711	
3473712	15804
3473713	15805
3473714	15806
3473715	15807
3473716	
3473717	15808
3473718	15809
3473719	15810
3473720	15811
3473721	15812
3473722	
3473723	15814
3473724	
3473725	
3473726	
3473727	15821
3473728	
3473729	15822
3473730	15823
3473731	15824
3473732	15825
3473733	15826
3473734	15827
3473735	15828
3473736	15829
3473737	15830
3473738	15831
3473739	15832
3473740	15833
3473741	
3473742	
3473743	15835
3473744	15836
3473745	15837
3473746	15838
3473747	
3473748	15840
3473749	15841
3473750	15842
3473751	15843
3473752	15844
3473753	15845
3473754	15846
3473755	15847
3473756	15848
3473757	15849
3473758	1936580
3473759	
3473760	15851
3473761	15852
3473762	15853
3473763	
3473764	15855
3473765	15856
3473766	15857
3473767	15858
3473768	15859
3473769	15860
3473770	15861
3473771	
3473772	15862
3473773	15863
3473774	15864
3473775	15865
3473776	15866
3473777	
3473778	15867
3473779	15868
3473780	15869
3473781	15870
3473782	15871
3473783	15872
3473784	15873
3473785	15874
3473786	15875
3473787	15876
3473788	15877
3473789	15878
3473790	15879
3473791	15880
3473792	15881
3473793	15882
3473794	15883
3473795	15884
3473796	15885
3473797	15886
3473798	15887
3473799	15888
3473800	15889
3473801	15890
3473802	15891
3473803	
3473804	15893
3473805	15894
3473806	15895
3473807	15896
3473808	15897
3473809	15898
3473810	15899
3473811	15900
3473812	
3473813	15901
3473814	15902
3473815	15903
3473816	15904
3473817	15905
3473818	15906
3473819	15907
3473820	15908
3473821	15909
3473822	15910
3473823	15911
3473824	15912
3473825	7497351
3473826	15913
3473827	
3473828	15914
3473829	15915
3473830	15916
3473831	15917
3473832	15918
3473833	15919
3473834	15920
3473835	15921
3473836	15922
3473837	
3473838	15923
3473839	15924
3473840	15925
3473841	15926
3473842	15927
3473843	15928
3473844	
3473845	
3473846	
3473847	15930
3473848	15931
3473849	15932
3473850	15933
3473851	15934
3473852	15935
3473853	15936
3473854	15937
3473855	15938
3473856	15939
3473857	15940
3473858	15941
3473859	15942
3473860	15943
3473861	15944
3473862	1936602
3473863	15945
3473864	15946
3473865	15947
3473866	15948
3473867	1936604
3473868	15950
3473869	15951
3473870	15952
3473871	15953
3473872	15954
3473873	15955
3473874	15956
3473875	
3473876	
3473877	15957
3473878	15958
3473879	15959
3473880	15960
3473881	15961
3473882	15962
3473883	15963
3473884	
3473885	
3473886	15965
3473887	15966
3473888	15967
3473889	15968
3473890	15969
3473891	15970
3473892	
3473893	15971
3473894	15972
3473895	15973
3473896	15974
3473897	15975
3473898	15976
3473899	15977
3473900	15978
3473901	15979
3473902	15980
3473903	15981
3473904	15982
3473905	15983
3473906	15984
3473907	
3473908	15985
3473909	15986
3473910	15987
3473911	15988
3473912	15989
3473913	
3473914	15990
3473915	15991
3473916	1936619
3473917	15993
3473918	15994
3473919	15995
3473920	15996
3473921	15997
3473922	15998
3473923	
3473924	15999
3473925	16000
3473926	16001
3473927	16002
3473928	
3473929	16004
3473930	
3473931	16005
3473932	16006
3473933	16007
3473934	16008
3473935	16009
3473936	16010
3473937	
3473938	
3473939	
3473940	16013
3473941	16014
3473942	16015
3473943	1936623
3473944	16017
3473945	16018
3473946	16019
3473948	
3473949	16021
3473950	
3473951	16022
3473952	16023
3473953	16024
3473954	16025
3473955	
3473956	
3473957	
3473958	16026
3473959	16027
3473960	16028
3473961	
3473962	16029
3473963	16030
3473964	16031
3473965	16032
3473966	16033
3473967	16034
3473968	
3473969	16036
3473970	16037
3473971	16038
3473972	16039
3473973	16040
3473974	16041
3473975	16042
3473976	16043
3473977	16044
3473978	1936633
3473979	
3473980	
3473981	14682
3473982	14681
3473983	
3473984	16051
3473985	16052
3473986	16053
3473987	16054
3473988	16055
3473989	16056
3473990	16057
3473991	16058
3473992	16059
3473993	16060
3473994	16061
3473995	16062
3473996	16063
3473997	16064
3473998	16065
3473999	16066
3474000	16067
3474001	
3474002	
3474003	
3474004	
3474005	16070
3474006	16071
3474007	16072
3474008	16073
3474009	16074
3474010	16075
3474011	
3474012	
3474013	
3474014	16080
3474015	16081
3474016	16082
3474017	16083
3474018	16084
3474019	16085
3474020	16086
3474021	16087
3474022	
3474023	
3474024	
3474025	
3474026	
3474027	
3474028	
3474029	
3474030	
3474031	
3474032	
3474033	
3474034	
3474035	
3474036	
3474037	
3474038	
3474039	
3474040	
3474041	
3474042	
3474043	
3474044	
3474045	16088
3474046	
3474047	
3474048	
3474049	16092
3474050	16093
3474051	16094
3474052	
3474053	16095
3474054	
3474055	16096
3474056	16097
3474057	
3474058	16098
3474059	16099
3474060	16100
3474061	16101
3474062	
3474063	
3474064	
3474065	
3474066	
3474067	
3474068	
3474069	
3474070	
3474071	
3474072	
3474073	
3474074	
3474075	
3474076	
3474077	
3474078	
3474079	
3474080	
3474081	
3474082	
3474083	
3474084	
3474085	
3474086	
3474087	16115
3474088	16116
3474089	16117
3474090	16118
3474091	16119
3474092	16120
3474093	16121
3474094	16122
3474095	16123
3474096	16124
3474097	1936663
3474098	16125
3474099	16126
3474100	16127
3474101	16128
3474102	16129
3474103	16130
3474104	16131
3474105	16132
3474106	16133
3474107	16134
3474108	
3474109	
3474110	
3474111	
3474112	
3474113	
3474114	
3474115	
3474116	
3474117	
3474118	
3474119	18318
3474120	16136
3474121	16146
3474122	16148
3474123	
3474124	
3474125	16137
3474126	
3474127	
3474128	
3474129	
3474130	
3474131	
3474132	
3474133	
3474134	
3474135	
3474136	
3474137	
3474138	
3474139	
3474140	
3474141	
3474142	
3474143	16150
3474144	
3474145	16172
3474146	16173
3474147	16174
3474148	
3474149	16176
3474150	16177
3474151	16178
3474152	
3474153	16179
3474154	16180
3474155	16181
3474156	
3474157	
3474158	16182
3474159	16183
3474160	16184
3474161	16185
3474162	16186
3474163	16187
3474164	16188
3474165	
3474166	
3474167	16193
3474168	16194
3474169	
3474170	16198
3474171	16199
3474172	16200
3474173	16201
3474174	16202
3474175	16203
3474176	16204
3474177	16205
3474178	16206
3474179	16207
3474180	16208
3474181	16209
3474182	16210
3474183	16211
3474184	16212
3474185	16213
3474186	16214
3474187	16215
3474188	16216
3474189	16217
3474190	16218
3474191	16220
3474192	16221
3474193	
3474194	16225
3474195	1936691
3474196	16227
3474197	16228
3474198	16229
3474199	
3474200	16231
3474201	16232
3474202	16233
3474203	16234
3474204	
3474205	1936696
3474206	16236
3474207	16237
3474208	16238
3474209	16239
3474210	16240
3474211	16241
3474212	16242
3474213	16243
3474214	16244
3474215	16245
3474216	
3474217	16249
3474218	16250
3474219	
3474220	16252
3474221	16253
3474222	16254
3474223	16255
3474224	16256
3474225	16257
3474226	16258
3474227	16259
3474228	16260
3474229	16261
3474230	16262
3474231	16263
3474232	16264
3474233	
3474234	16265
3474235	
3474236	16266
3474237	16267
3474238	16268
3474239	16269
3474240	16270
3474241	16271
3474242	16272
3474243	
3474244	16274
3474245	
3474246	16276
3474247	16277
3474248	16278
3474249	
3474250	16279
3474251	16280
3474252	16281
3474253	16282
3474254	16283
3474255	16284
3474256	16285
3474257	16286
3474258	16287
3474259	16288
3474260	16289
3474261	16290
3474262	16291
3474263	16292
3474264	16293
3474265	16294
3474266	16295
3474267	
3474268	16296
3474269	16297
3474270	
3474271	
3474272	
3474273	16301
3474274	16302
3474275	16303
3474276	16304
3474277	16305
3474278	16306
3474279	16307
3474280	16308
3474281	16309
3474282	16310
3474283	16311
3474284	16312
3474285	16313
3474286	16314
3474287	16315
3474288	16316
3474289	16317
3474290	
3474291	16318
3474292	16319
3474293	16320
3474294	16321
3474295	16322
3474296	16323
3474297	
3474298	
3474299	16324
3474300	16325
3474301	
3474302	16326
3474303	16327
3474304	16328
3474305	16329
3474306	16330
3474307	16331
3474308	16332
3474309	16333
3474310	16334
3474311	
3474312	16336
3474313	16337
3474314	16338
3474315	16339
3474316	16340
3474317	16341
3474318	16342
3474319	16343
3474320	16344
3474321	
3474322	16346
3474323	16347
3474324	
3474325	16348
3474326	16349
3474327	16350
3474328	
3474329	16351
3474330	16352
3474331	16353
3474332	16354
3474333	16355
3474334	
3474335	16356
3474336	
3474337	
3474338	16358
3474339	16359
3474340	16360
3474341	16361
3474342	16362
3474343	16363
3474344	16364
3474345	1936721
3474346	16365
3474347	16366
3474348	16367
3474349	16368
3474350	16369
3474351	16370
3474352	16371
3474353	16372
3474354	16373
3474355	16374
3474356	16375
3474357	
3474358	
3474359	
3474360	
3474361	16377
3474362	16378
3474363	16379
3474364	16380
3474365	16381
3474366	16382
3474367	16383
3474368	16384
3474369	16385
3474370	16386
3474371	16387
3474372	16388
3474373	16389
3474374	16390
3474375	16391
3474376	16392
3474377	16393
3474378	16394
3474379	16395
3474380	16396
3474381	16397
3474382	16398
3474383	16399
3474384	16400
3474385	
3474386	16402
3474387	
3474388	16403
3474389	16404
3474390	16405
3474391	16406
3474392	16407
3474393	16408
3474394	16409
3474395	16410
3474396	16411
3474397	
3474398	16413
3474399	16414
3474400	16415
3474401	16416
3474402	16417
3474403	
3474404	16418
3474405	16419
3474406	16420
3474407	16421
3474408	16422
3474409	16423
3474410	16424
3474411	16425
3474412	16426
3474413	16427
3474414	16428
3474415	16429
3474416	16430
3474417	16431
3474418	
3474419	16432
3474420	16433
3474421	16434
3474422	16435
3474423	16436
3474424	16437
3474425	16438
3474426	16439
3474427	16440
3474428	16441
3474429	16442
3474430	16443
3474431	
3474432	16445
3474433	16446
3474434	16447
3474435	16448
3474436	16449
3474437	16450
3474438	
3474439	16452
3474440	
3474441	16453
3474442	
3474443	16469
3474444	16470
3474445	16471
3474446	16472
3474447	16473
3474448	16474
3474449	16475
3474450	16476
3474451	16477
3474452	16478
3474453	16479
3474454	16480
3474455	16482
3474456	16483
3474457	7497359
3474458	16484
3474459	16485
3474460	16486
3474461	16487
3474462	16488
3474463	16489
3474464	16490
3474465	16491
3474466	16492
3474467	16493
3474468	16494
3474471	16497
3474472	16498
3474473	
3474474	16500
3474475	
3474476	
3474477	16501
3474478	16502
3474479	16503
3474480	
3474481	
3474482	
3474483	
3474484	
3474485	16508
3474486	16509
3474487	1936758
3474488	16510
3474489	16511
3474490	16512
3474491	16513
3474492	16514
3474493	16515
3474494	16516
3474495	16517
3474496	16518
3474497	16519
3474499	16520
3474500	16521
3474501	1936759
3474502	16523
3474503	16524
3474504	16525
3474505	16526
3474506	16527
3474507	16528
3474508	16529
3474509	
3474510	16530
3474511	16531
3474512	16532
3474513	16533
3474514	16534
3474515	16535
3474516	16536
3474517	
3474518	16538
3474519	16539
3474520	
3474521	16550
3474522	
3474523	
3474524	16552
3474525	16553
3474526	16554
3474527	16555
3474528	16556
3474529	16557
3474530	16558
3474531	16559
3474532	16560
3474533	16561
3474534	16562
3474535	16563
3474536	16564
3474537	16565
3474538	16566
3474539	16567
3474540	16568
3474541	16569
3474542	
3474543	16570
3474544	16571
3474545	1936770
3474546	16572
3474547	16573
3474548	16574
3474549	16575
3474550	
3474551	16576
3474552	16577
3474553	16578
3474554	16579
3474555	16580
3474556	
3474557	16582
3474558	
3474559	16584
3474560	16585
3474561	16586
3474562	16587
3474563	16588
3474564	16589
3474565	16590
3474566	16591
3474567	16592
3474568	16593
3474569	16594
3474570	
3474571	16595
3474572	16596
3474573	16597
3474574	16598
3474575	16599
3474576	16600
3474577	16601
3474578	
3474579	
3474580	16603
3474581	16604
3474582	16605
3474583	
3474584	
3474585	
3474586	
3474587	
3474588	
3474589	
3474590	
3474591	
3474592	
3474593	
3474594	
3474595	
3474596	
3474597	16606
3474598	16607
3474599	16608
3474600	16609
3474601	16610
3474602	16611
3474603	16612
3474604	16613
3474605	
3474606	16614
3474607	16615
3474608	16616
3474609	16617
3474610	16618
3474611	16619
3474612	16620
3474613	
3474614	
3474615	16621
3474616	16622
3474617	16623
3474618	16624
3474619	16625
3474620	16626
3474621	16627
3474622	16628
3474623	1936785
3474624	16630
3474625	
3474626	16631
3474627	16632
3474628	16633
3474629	
3474630	16635
3474631	16636
3474632	16637
3474633	16638
3474634	
3474635	16640
3474636	16641
3474637	
3474638	
3474639	
3474640	16645
3474641	16646
3474642	16647
3474643	
3474644	
3474645	16648
3474646	16649
3474647	16650
3474648	16651
3474649	16652
3474650	
3474651	16654
3474652	16655
3474653	
3474654	1936794
3474655	16657
3474656	16658
3474657	16659
3474658	16660
3474659	16661
3474660	
3474661	
3474662	16662
3474663	16663
3474664	16664
3474665	16665
3474666	16666
3474667	16667
3474668	16668
3474669	16669
3474670	16670
3474671	16671
3474672	16672
3474673	
3474674	16673
3474675	16674
3474676	16675
3474677	
3474678	16676
3474679	16677
3474680	16678
3474681	16679
3474682	
3474683	16681
3474684	16682
3474685	16683
3474686	16684
3474687	16685
3474688	
3474689	
3474690	
3474691	
3474692	
3474693	
3474694	16687
3474695	16688
3474696	16689
3474697	16690
3474698	16692
3474699	16694
3474700	16695
3474701	16696
3474702	16697
3474703	
3474704	
3474705	16698
3474706	16699
3474707	16700
3474708	16701
3474709	16702
3474710	16703
3474711	16704
3474712	16705
3474713	16706
3474714	1936808
3474715	16708
3474716	16709
3474717	1936809
3474718	16711
3474719	16712
3474720	16713
3474721	16714
3474722	
3474723	
3474724	
3474725	
3474726	
3474727	
3474728	
3474729	
3474730	
3474731	
3474732	
3474733	
3474734	
3474735	
3474736	
3474737	16749
3474738	16750
3474739	16751
3474740	16752
3474741	16753
3474742	16754
3474743	16755
3474744	16756
3474745	16757
3474746	16758
3474747	16759
3474748	
3474749	16760
3474750	16761
3474751	16762
3474752	16763
3474753	16764
3474754	16765
3474755	16766
3474756	16767
3474757	16768
3474758	16769
3474759	
3474760	
3474761	16771
3474762	16772
3474763	16773
3474764	16774
3474765	16775
3474766	16776
3474767	
3474768	16777
3474769	16778
3474770	16779
3474771	
3474772	
3474773	
3474774	
3474775	
3474776	16780
3474777	16781
3474778	16782
3474779	16783
3474780	16784
3474781	16785
3474782	1936837
3474783	1936838
3474784	16788
3474785	16789
3474786	16790
3474787	16791
3474788	
3474789	16793
3474790	16794
3474791	16795
3474792	16796
3474793	16797
3474794	16798
3474795	1936841
3474796	16800
3474797	16801
3474798	16802
3474799	16803
3474800	16804
3474801	16805
3474802	16806
3474803	16807
3474804	16808
3474805	16809
3474806	
3474807	16810
3474808	16811
3474809	16812
3474810	16813
3474811	16814
3474812	16815
3474813	16816
3474814	
3474815	16817
3474816	16818
3474817	16819
3474818	16820
3474819	16821
3474820	16822
3474821	16823
3474822	16824
3474823	16825
3474824	16826
3474825	16827
3474826	16828
3474827	16829
3474828	16830
3474829	16831
3474830	16832
3474831	16833
3474832	16834
3474833	16835
3474834	16836
3474835	16837
3474836	
11515726	
11658089	
11800481	
11515727	
11658090	
11800482	
11515728	
11658091	
11800483	
11515729	
11658092	
11800484	
11515730	
11658093	
11800485	
11515731	
11658094	
11800486	
3474837	
11515732	
11658095	
11800487	
11515733	
11658096	
11800488	
11515734	
11658097	
11800489	
11515735	
11658098	
11800490	
11515736	
11658099	
11800491	
11515737	
11658100	
11800492	
11515738	
11658101	
11800493	
11515739	
11658102	
11800494	
11515740	
11658103	
11800495	
11515741	
11658104	
11800496	
11515742	
11658105	
11800497	
11515743	
11658106	
11800498	
11515744	
11658107	
11800499	
3474838	16839
3474839	16840
3474840	16841
3474841	16842
3474842	16843
3474843	16844
3474844	
3474845	16845
3474846	16846
3474847	16847
3474848	16848
3474849	16849
3474850	16850
3474851	16851
3474852	16852
3474853	16853
3474854	16854
3474855	16855
3474856	1936849
3474857	16858
3474858	16859
3474859	16860
11515745	
11658108	
11800500	
11515746	
11658109	
11800501	
11515747	
11658110	
11800502	
11515748	
11658111	
11800503	
11515749	
11658112	
11800504	
11515750	
11658113	
11800505	
11515751	
11658114	
11800506	
11515752	
11658115	
11800507	
11515753	
11658116	
11800508	
11515754	
11658117	
11800509	
11515755	
11658118	
11800510	
11515756	
11658119	
11800511	
11515757	
11658120	
11800512	
11515758	
11658121	
11800513	
3474860	
11515759	
11658122	
11800514	
11515760	
11658123	
11800515	
11515761	
11658124	
11800516	
11515762	
11658125	
11800517	
11515763	
11658126	
11800518	
11515764	
11658127	
11800519	
11515765	
11658128	
11800520	
11515766	
11658129	
11800521	
11515767	
11658130	
11800522	
11515768	
11658131	
11800523	
11515769	
11658132	
11800524	
11515770	
11658133	
11800525	
11515771	
11658134	
11800526	
11515772	
11658135	
11800527	
11515773	
11658136	
11800528	
11515774	
11658137	
11800529	
11515775	
11658138	
11800530	
11515776	
11658139	
11800531	
11515777	
11658140	
11800532	
11515778	
11658141	
11800533	
3474861	
11515779	
11658142	
11800534	
11515780	
11658143	
11800535	
11515781	
11658144	
11800536	
11515782	
11658145	
11800537	
11515783	
11658146	
11800538	
3474862	16861
3474863	7497361
3474864	16862
3474865	
3474866	
3474867	16863
3474868	16864
3474869	16865
3474870	16866
3474871	16867
3474872	16868
3474873	16869
3474874	16870
3474875	16871
3474876	16872
3474877	16873
3474878	16874
3474879	16875
3474880	16876
3474881	
3474882	16877
3474883	16878
3474884	16879
3474885	16880
3474886	16881
3474887	16882
3474888	16883
3474889	16884
3474890	16885
3474891	16886
3474892	16887
3474893	16888
3474894	16889
3474895	16890
3474896	16891
3474897	16892
3474898	
3474899	16893
3474900	16894
3474901	16895
3474902	16896
3474903	
3474904	16897
3474905	
3474906	
3474907	
3474908	
3474909	16898
3474910	16899
3474911	16900
3474912	16901
3474913	16902
3474914	16903
3474915	16904
3474916	16905
3474917	16906
3474918	16907
3474919	16908
3474920	16909
3474921	16910
3474922	16911
3474923	3446206
3474924	16912
3474925	16913
3474926	16914
3474927	16915
3474928	16916
3474929	16917
3474930	
3474931	
3474932	16918
3474933	16919
3474934	16920
3474935	16921
3474936	16922
3474937	16923
3474938	16924
3474939	16925
3474940	16926
3474941	16927
3474942	16928
3474943	16929
3474944	7497362
3474945	
3474946	
3474947	16932
3474948	16933
3474949	
3474950	
3474951	
3474952	
3474953	
3474954	
3474955	
3474956	
3474957	
3474958	
3474959	
3474960	
3474961	
3474962	
3474963	
3474964	
3474965	
3474966	
3474967	
3474968	
3474969	
3474970	
3474971	
3474972	
3474973	16945
3474974	16946
3474975	16947
3474976	16948
3474977	16949
3474978	1936874
3474979	16951
3474980	16952
3474981	16953
3474982	16954
3474983	16955
3474984	16956
3474985	16957
3474986	16958
3474987	16959
3474988	16960
3474989	16961
3474990	16962
3474991	16963
3474992	1936879
3474993	16966
3474994	16967
3474995	16968
3474996	16969
3474997	16970
3474998	16971
3474999	16972
3475000	16973
3475001	16974
3475002	16975
3475003	16976
3475004	
3475005	16978
3475006	16979
3475007	16980
3475008	16981
3475009	16982
3475010	16983
3475011	16984
3475012	16985
3475013	16986
3475014	16987
3475015	16988
3475016	16989
3475017	16990
3475018	
3475019	16991
3475020	
3475021	16992
3475022	16993
3475023	
3475024	16995
3475025	16996
3475026	16997
3475027	16998
3475028	16999
3475029	17000
3475030	17001
3475031	17002
3475032	17003
3475033	17004
3475034	17005
3475035	17006
3475036	17007
3475037	17008
3475038	17009
3475039	1936889
3475040	17012
3475041	
3475042	
3475043	1936890
3475044	17015
3475045	17016
3475046	17017
3475047	17018
3475048	
3475049	17021
3475050	
3475051	17022
3475052	17023
3475053	17024
3475054	17025
3475055	17026
3475056	17027
3475057	17028
3475058	
3475059	
3475060	17029
3475061	17030
3475062	17031
3475063	17032
3475064	17033
3475065	17034
3475066	17035
3475067	17036
3475068	17037
3475069	
3475070	17038
3475071	17039
3475072	17040
3475073	
3475074	17042
3475075	17043
3475076	17044
3475077	17045
3475078	
3475079	17046
3475080	
3475081	
3475082	
3475083	
3475084	
3475085	
3475086	
3475087	
3475088	
3475089	
3475090	17049
3475091	17050
3475092	1936902
3475093	
3475094	
3475095	
3475096	
3475097	17053
3475098	
3475099	17054
3475100	17055
3475101	1936903
3475102	1936904
3475103	17057
3475104	17058
3475105	
3475106	
3475107	
3475108	
3475109	
3475110	
3475111	
3475112	
3475113	
3475114	1936905
3475115	17062
3475116	17063
3475117	17064
3475118	17065
3475119	17066
3475120	17067
3475121	17068
3475122	17069
3475123	17070
3475124	17071
3475125	17072
3475126	17073
3475127	17074
3475128	17075
3475129	17076
3475130	
3475131	17078
3475132	17079
3475133	17080
3475134	
3475135	17082
3475136	17083
3475137	17085
3475138	17086
3475139	17087
3475140	17088
3475141	17089
3475142	1936911
3475143	17091
3475144	1936912
3475145	17093
3475146	17094
3475147	17095
3475148	17096
3475149	17097
3475150	17098
3475151	1936913
3475152	17100
3475153	17101
3475154	17102
3475155	17103
3475156	17104
3475157	17105
3475158	17106
3475159	17107
3475160	17108
3475161	17109
3475162	17110
3475163	17111
3475164	17113
3475165	17114
3475166	17115
3475167	17116
3475168	
3475169	17117
3475170	17118
3475171	17119
3475172	
3475173	17123
3475174	17124
3475175	17125
3475176	17126
3475177	
3475178	
3475179	
3475180	17128
3475181	17129
3475182	17130
3475183	17131
3475184	17132
3475185	
3475186	17133
3475187	17134
3475188	17135
3475189	17136
3475190	
3475191	
3475192	17137
3475193	17138
3475194	17139
3475195	17140
3475196	17141
3475197	17142
3475198	
3475199	17143
3475200	17144
3475201	
3475202	17145
3475203	17146
3475204	17147
3475205	
3475206	17148
3475207	17149
3475208	17150
3475209	1936924
3475210	17152
3475211	1936925
3475212	17154
3475213	17155
3475214	17156
3475215	17157
3475216	17158
3475217	17159
3475218	17160
3475219	17161
3475220	17162
3475221	
3475222	1936929
3475223	
3475224	
3475225	17165
3475226	17166
3475227	17167
3475228	17168
3475229	
3475230	
3475231	
3475232	
3475233	17169
3475234	17170
3475235	17171
3475236	
3475237	17172
3475238	17173
3475239	17174
3475240	17175
3475241	17176
3475242	17177
3475243	
3475244	17178
3475245	
3475246	17179
3475247	17180
3475248	17181
3475249	17182
3475250	1936934
3475251	1936935
3475252	1936936
3475253	17187
3475254	1936938
3475255	17189
3475256	17190
3475257	17191
3475258	17192
3475259	17193
3475260	
3475261	17194
3475262	
3475263	
3475264	
3475265	
3475266	17197
3475267	17198
3475268	17199
3475269	17200
3475270	
3475271	17201
3475272	17202
3475273	17203
3475274	17204
3475275	17205
3475276	17206
3475277	
3475278	
3475279	
3475280	
3475281	17209
3475282	17210
3475283	17211
3475284	17212
3475285	17213
3475286	17214
3475287	17215
3475288	17216
3475289	
3475290	17218
3475291	17219
3475292	
3475293	17221
3475294	17222
3475295	17223
3475296	17224
3475297	17225
3475298	17226
3475299	17227
3475300	17228
3475301	17229
3475302	17230
3475303	17231
3475304	17232
3475305	17233
3475306	17234
3475307	17235
3475308	17236
3475309	17237
3475310	
3475311	17238
3475312	
3475313	17239
3475314	17240
3475315	17241
3475316	17242
3475317	17243
3475318	
3475319	17244
3475320	17245
3475321	
3475322	17246
3475323	17247
3475324	17248
3475325	17249
3475326	17250
3475327	17251
3475328	17252
3475329	17253
3475330	
3475331	17254
3475332	17255
3475333	17256
3475334	17257
3475335	17258
3475336	17259
3475337	17260
3475338	
3475339	17262
3475340	
3475341	17264
3475342	17265
3475343	17266
3475344	17267
3475345	17268
3475346	17269
3475347	17270
3475348	17271
3475349	17272
3475350	17273
3475351	17274
3475352	17275
3475353	17276
3475354	
3475355	17278
3475356	17279
3475357	17280
3475358	
3475359	1936962
3475360	17282
3475361	
3475362	17284
3475363	
3475364	
3475365	17292
3475366	17293
3475367	17294
3475368	17295
3475369	17296
3475370	17297
3475371	
3475372	17299
3475373	17300
3475374	17301
3475375	17302
3475376	17303
3475377	17304
3475378	17305
3475379	17306
3475380	17307
3475381	17308
3475382	17309
3475383	17310
3475384	17311
3475385	17312
3475386	17313
3475387	17314
3475388	17315
3475389	
3475390	1936971
3475391	17317
3475392	17318
3475393	17319
3475394	17320
3475395	17321
3475396	
3475397	17322
3475398	17323
3475399	
3475400	
3475401	
3475402	17325
3475403	17326
3475404	17327
3475405	17328
3475406	17329
3475407	
3475408	17330
3475409	17331
3475410	17332
3475411	17333
3475412	17334
3475413	17335
3475414	17336
3475415	17337
3475416	
3475417	
3475418	1936976
3475419	
3475420	17341
3475421	
3475422	
3475423	
3475424	
3475425	
3475426	
3475427	
3475428	17342
3475429	17343
3475430	17344
3475431	17345
3475432	1936986
3475433	17347
3475434	1936987
3475435	17349
3475436	17350
3475437	17351
3475438	17352
3475439	17353
3475440	1936988
3475441	17355
3475442	17356
3475443	17357
3475444	17358
3475445	17359
3475446	17360
3475447	17361
3475448	17362
3475449	17363
3475450	17364
3475451	17365
3475452	17366
3475453	17367
3475454	17368
3475455	17369
3475456	17370
3475457	17371
3475458	17372
3475459	17373
3475460	17374
3475461	17375
3475462	17376
3475463	17377
3475464	17378
3475465	17379
3475466	17380
3475467	17381
3475468	17382
3475469	17383
3475470	17384
3475471	17385
3475472	17386
3475473	17387
3475474	17388
3475475	17389
3475476	17390
3475477	17391
3475478	17392
3475479	17393
3475480	17394
3475481	17395
3475482	17396
3475483	17397
3475484	17398
3475485	17399
3475486	17400
3475487	
3475488	17401
3475489	
3475490	
3475491	17403
3475492	17404
3475493	17405
3475494	17406
3475495	17407
3475496	17408
3475497	17409
3475498	17410
3475499	17411
3475500	17412
3475501	1936994
3475502	17413
3475503	17414
3475504	17415
3475505	17416
3475506	17417
3475507	17418
3475508	17419
3475509	17420
3475510	17421
3475511	17422
3475512	17423
3475513	17424
3475514	17426
3475515	17427
3475516	17428
3475517	17429
3475518	1936996
3475519	17431
3475520	17432
3475521	17433
3475522	17434
3475523	1936999
3475524	17437
3475525	17438
3475526	17439
3475527	17440
3475528	17441
3475529	17442
3475530	17443
3475531	17444
3475532	17445
3475533	1937003
3475534	
3475535	17447
3475536	17448
3475537	17449
3475538	17450
3475539	17451
3475540	17452
3475541	1937004
3475542	17454
3475543	17456
3475544	17457
3475545	
3475546	17459
3475547	17460
3475548	
3475549	17461
3475550	17462
3475551	17463
3475552	17464
3475553	17465
3475554	
3475555	17466
3475556	17467
3475557	17468
3475558	1937010
3475559	17470
3475560	17471
3475561	17472
3475562	17473
3475563	17474
3475564	17475
3475565	17476
3475566	
3475567	
3475568	
3475569	17479
3475570	1937014
3475571	17481
3475572	1937015
3475573	17483
3475574	17484
3475575	17485
3475576	1937016
3475577	17487
3475578	17488
3475579	
3475580	
3475581	
3475582	
3475583	17490
3475584	17491
3475585	17492
3475586	17493
3475587	17494
3475588	17495
3475589	17496
3475590	1937018
3475591	17498
3475592	1937020
3475593	17500
3475594	17501
3475595	
3475596	17502
3475597	17503
3475598	
3475599	17507
3475600	17508
3475601	17509
3475602	17510
3475603	17511
3475604	17512
3475605	17513
3475606	17514
3475607	
3475608	17515
3475609	17516
3475610	17517
3475611	17518
3475612	17519
3475613	
3475614	17520
3475615	1937025
3475616	17522
3475617	17523
3475618	17524
3475619	17525
3475620	17526
3475621	17527
3475622	17528
3475623	17529
3475624	17530
3475625	
3475626	17532
3475627	
3475628	17534
3475629	
3475630	17536
3475631	17537
3475632	
3475633	17539
3475634	17540
3475635	17541
3475636	
3475637	
3475638	
3475639	
3475640	1937033
3475641	17548
3475642	
3475643	
3475644	
3475645	
3475646	17553
3475647	17554
3475648	
3475649	17555
3475650	17556
3475651	17557
3475652	17558
3475653	17559
3475654	17560
3475655	17561
3475656	
3475657	
3475658	17562
3475659	17563
3475660	17564
3475661	
3475662	
3475663	17567
3475664	
3475665	17569
3475666	17570
3475667	17571
3475668	
3475669	17573
3475670	17574
3475671	17575
3475672	17576
3475673	
3475674	
3475675	17577
3475676	17578
3475677	17579
3475678	17580
3475679	17581
3475680	17582
3475681	17583
3475682	17584
3475683	17585
3475684	17586
3475685	17587
3475686	17588
3475687	17589
3475688	17590
3475689	1937043
3475690	17599
3475691	
3475692	
3475693	
3475694	17600
3475695	17601
3475696	17602
3475697	17603
3475698	17604
3475700	17605
3475701	
3475702	
3475703	17606
3475704	17607
3475705	17608
3475706	17609
3475707	17610
3475708	17611
3475709	1937052
3475710	17613
3475711	17614
3475712	17615
3475713	
3475714	1937055
3475715	
3475716	
3475717	17620
3475718	17621
3475719	1937056
3475720	17622
3475721	17623
3475722	17624
3475723	17625
3475724	17626
3475725	17627
3475726	17628
3475727	17629
3475728	17630
3475729	1937059
3475730	17632
3475731	1937060
3475732	
3475733	17634
3475734	17635
3475735	17636
3475736	17637
3475737	17638
3475738	1937061
3475739	17640
3475740	17641
3475741	17642
3475742	17643
3475743	17644
3475744	17645
3475745	17646
3475746	17647
3475747	17648
3475748	
3475749	17649
3475750	1937064
3475751	17651
3475752	17652
3475753	17653
3475754	
3475755	
3475756	17655
3475757	
3475758	17658
3475759	17659
3475760	
3475761	17660
3475762	17661
3475763	17662
3475764	1937066
3475765	17663
3475766	
3475767	
3475768	
3475769	
3475770	17664
3475771	17665
3475772	17666
3475773	17667
3475774	17668
3475775	17669
3475776	17670
3475777	17671
3475778	17672
3475779	17673
3475780	17674
3475781	17675
3475782	17676
3475783	17677
3475784	17678
3475785	17680
3475786	17681
3475787	17682
3475788	17683
3475789	
3475790	
3475791	17686
3475792	17687
3475793	17688
3475794	
3475795	17692
3475796	17693
3475797	17694
3475798	17695
3475799	17696
3475800	17697
3475801	17698
3475802	17699
3475803	17700
3475804	17701
3475805	17702
3475806	17703
3475807	17704
3475808	17705
3475809	
3475810	
3475811	17707
3475812	17708
3475813	17709
3475814	17710
3475815	17711
3475816	17712
3475817	17713
3475818	17714
3475819	17715
3475820	17716
3475821	17717
3475822	17718
3475823	
3475824	
3475825	17719
3475826	17720
3475827	17721
3475828	1937078
3475829	17722
3475830	17723
3475831	17724
3475832	17725
3475833	17726
3475834	17727
3475835	17728
3475836	17729
3475837	17730
3475838	17731
3475839	17732
3475840	17733
3475841	17734
3475842	17735
3475843	17736
3475844	
3475845	
3475846	
3475847	
3475848	17743
3475849	17744
3475850	
3475851	17745
3475852	17746
3475853	17747
3475854	17748
3475855	
3475856	17750
3475857	1937093
3475858	1937094
3475859	17752
3475860	
3475861	1937096
3475862	17756
3475863	17757
3475864	
3475865	1937098
3475866	17759
3475867	17760
3475868	17761
3475869	17762
3475870	17763
3475871	1937099
3475872	17765
3475873	17766
3475874	17767
3475875	17768
3475876	17769
3475877	17770
3475878	17771
3475879	17772
3475880	17773
3475881	17774
3475882	17775
3475883	17776
3475884	
3475885	1937101
3475886	
3475887	17780
3475888	17781
3475889	17782
3475890	17783
3475891	
3475892	17784
3475893	17785
3475894	17786
3475895	17787
3475896	17788
3475897	17789
3475898	17790
3475899	
3475900	17791
3475901	17792
3475902	17793
3475903	17794
3475904	17795
3475905	17796
3475906	17797
3475907	17798
3475908	17799
3475909	17800
3475910	17801
3475911	17802
3475912	17803
3475913	17804
3475914	1937104
3475915	17806
3475916	1937106
3475917	17808
3475918	17809
3475919	17810
3475920	17811
3475921	17812
3475922	
3475923	
3475924	
3475925	
3475926	17814
3475927	1937108
3475928	
3475929	
3475930	
3475931	
3475932	
3475933	
3475934	1937115
3475935	17817
3475936	17818
3475937	17819
3475938	
3475939	17821
3475940	1937119
3475941	1937120
3475942	17824
3475943	17825
3475944	17826
3475945	17827
3475946	
3475947	1937123
3475948	1937124
3475949	
3475950	17832
3475951	
3475952	
3475953	
3475954	17835
3475955	17836
3475956	1937127
3475957	1937128
3475958	1937129
3475959	17840
3475960	1937130
3475961	17842
3475962	17843
3475963	1937131
3475964	17845
3475965	17846
3475966	
3475967	1937132
3475968	
3475969	
3475970	
3475971	
3475972	1937137
3475973	17849
3475974	
3475975	
3475976	17850
3475977	17851
3475978	17852
3475979	1937139
3475980	17854
3475981	17855
3475982	
3475983	
3475984	
3475985	
3475986	1937140
3475987	17858
3475988	17859
3475989	17860
3475990	17861
3475991	17862
3475992	1937142
3475993	
3475994	17864
3475995	17865
3475996	1937144
3475997	17868
3475998	17869
3475999	1937146
3476000	1937147
3476001	1937148
3476002	1937149
3476003	1937150
3476004	17875
3476005	17876
3476006	17877
3476007	1937151
3476008	17879
3476009	17880
3476010	1937152
3476011	17882
3476012	17883
3476013	17884
3476014	1937154
3476015	17886
3476016	1937155
3476017	17888
3476018	17889
3476019	17890
3476020	
3476021	1937156
3476022	17892
3476023	17893
3476024	17894
3476025	1937158
3476026	17896
3476027	
3476028	
3476029	
3476030	
3476031	
3476032	17897
3476033	17898
3476034	17899
3476035	17900
3476036	17901
3476037	
3476038	17902
3476039	17903
3476040	
3476041	17904
3476042	
3476043	17905
3476044	
3476045	17906
3476046	17907
3476047	
3476048	7497370
3476049	17908
3476050	17909
3476051	17910
3476052	1937169
3476053	17912
3476054	17913
3476055	17914
3476056	
3476057	17923
3476058	
3476059	17921
3476060	
3476061	
3476062	
3476063	
3476064	17925
3476065	17926
3476066	17927
3476067	17928
3476068	
3476069	17929
3476070	17930
3476071	
3476072	17931
3476073	17932
3476074	17933
3476075	17934
3476076	17935
3476077	17936
3476078	17937
3476079	17938
3476080	17939
3476081	17940
3476082	17941
3476083	17942
3476084	1937180
3476085	17944
3476086	
3476087	17945
3476088	17946
3476089	17947
3476090	17948
3476091	
3476092	17949
3476093	17950
3476094	17951
3476095	17952
3476096	1937184
3476097	17954
3476098	17955
3476099	
3476100	17956
3476101	17957
3476102	17958
3476103	17959
3476104	17960
3476105	17961
3476106	17962
3476107	17963
3476108	17964
3476109	17965
3476110	17966
3476111	
3476112	17967
3476113	17968
3476114	17969
3476115	17970
3476116	17971
3476117	17972
3476118	17973
3476119	17974
3476120	17975
3476121	
3476122	17976
3476123	
3476124	17977
3476125	17978
3476126	17979
3476127	17980
3476128	17981
3476129	17982
3476130	17983
3476131	
3476132	17984
3476133	17985
3476134	1937187
3476135	17988
3476136	17989
3476137	17990
3476138	17991
3476139	17992
3476140	17993
3476141	17994
3476142	17995
3476143	17996
3476144	17997
3476145	17998
3476146	17999
3476147	
3476148	18000
3476149	18001
3476150	18002
3476151	18003
3476152	18004
3476153	18005
3476154	18006
3476155	
3476156	
3476157	
3476158	
3476159	18007
3476160	18008
3476161	18009
3476162	
3476163	
3476164	
3476165	
3476166	
3476167	18012
3476168	18013
3476169	18014
3476170	18015
3476171	18016
3476172	18017
3476173	18018
3476174	18019
3476175	18020
3476176	
3476177	18021
3476178	18022
3476179	1937202
3476180	18024
3476181	18025
3476182	18026
3476183	18027
3476184	1937204
3476185	18029
3476186	18030
3476187	18031
3476188	18032
3476189	18033
3476190	18034
3476191	18035
3476192	18036
3476193	18037
3476194	18038
3476195	
3476196	
3476197	
3476198	
3476199	
3476200	18040
3476201	18041
3476202	18042
3476203	18043
3476204	
3476205	18044
3476206	
3476207	18046
3476208	18047
3476209	18048
3476210	18049
3476211	18050
3476212	18051
3476213	
3476214	
3476215	
3476216	18052
3476217	18053
3476218	18054
3476219	18055
3476220	18056
3476221	18057
3476222	3446236
3476223	18058
3476224	18059
3476225	18060
3476226	18061
3476227	18062
3476228	18063
3476229	18064
3476230	18065
3476231	
3476232	18067
3476233	18068
3476234	18069
3476235	18070
3476236	18071
3476237	18072
3476238	18073
3476239	18074
3476240	18075
3476241	18076
3476242	
3476243	18077
3476244	18079
3476245	18080
3476246	18081
3476247	18082
3476248	
3476249	
3476250	18084
3476251	18085
3476252	18086
3476253	18087
3476254	18088
3476255	18089
3476256	18090
3476257	18091
3476258	
3476259	18092
3476260	18093
3476261	
3476262	
3476263	18095
3476264	18096
3476265	
3476266	18097
3476267	18098
3476268	18099
3476269	18100
3476270	18101
3476271	18102
3476272	18103
3476273	18104
3476274	18105
3476275	18106
3476276	18107
3476277	18108
3476278	18109
3476279	18110
3476280	3446238
3476281	18111
3476282	
3476283	
3476284	
3476285	18120
3476286	18121
3476287	18122
3476288	18123
3476289	18124
3476290	1937224
3476291	18126
3476292	18127
3476293	18128
3476294	18129
3476295	18130
3476296	
3476297	
3476298	18134
3476299	18135
3476300	
3476301	
3476302	18138
3476303	18139
3476304	18140
3476305	18141
3476306	18142
3476307	18143
3476308	18144
3476309	
3476310	18145
3476311	18146
3476312	18147
3476313	18148
3476314	18149
3476315	18150
3476316	18151
3476317	18152
3476318	18153
3476319	18154
3476320	18155
3476321	1937228
3476322	18157
3476323	18158
3476324	18159
3476325	18160
3476326	18161
3476327	
3476328	18162
3476329	18163
3476330	18164
3476331	18165
3476332	18166
3476333	18168
3476334	18169
3476335	18170
3476336	18171
3476337	18172
3476338	
3476339	18173
3476340	18174
3476341	18175
3476342	1937234
3476343	1937235
3476344	18176
3476345	18177
3476346	18178
3476347	18179
3476348	18180
3476349	18181
3476350	18182
3476351	18183
3476352	18184
3476353	18187
3476354	18188
3476355	18189
3476356	18190
3476357	
3476358	
3476359	
3476360	18191
3476361	18192
3476362	18193
3476363	18194
3476364	18195
3476365	18196
3476366	18197
3476367	18198
3476368	18199
3476369	
3476370	18201
3476371	
3476372	
3476373	18203
3476374	18204
3476375	
3476376	
3476377	18206
3476378	18207
3476379	18208
3476380	18209
3476381	18210
3476382	18211
3476383	18212
3476384	18213
3476385	18214
3476386	18215
3476387	18216
3476388	18217
3476389	18218
3476390	18219
3476391	18220
3476392	18221
3476393	18222
3476394	18223
3476395	18224
3476396	
3476397	18226
3476398	18227
3476399	18228
3476400	
3476401	
3476402	
3476403	
3476404	
3476405	
3476406	
3476407	
3476408	18231
3476409	18232
3476410	18233
3476411	
3476412	
3476413	
3476414	
3476415	18234
3476416	18235
3476417	18236
3476418	18237
3476419	18238
3476420	18239
3476421	18241
3476422	18242
3476423	18243
3476424	
3476425	18244
3476426	18245
3476427	18246
3476428	18247
3476429	18249
3476430	18250
3476431	18251
3476432	
3476433	18252
3476434	1937256
3476435	18255
3476436	18256
3476437	18257
3476438	18258
3476439	18259
3476440	18260
3476441	
3476442	18262
3476443	
3476444	18263
3476445	18264
3476446	18265
3476447	18266
3476448	
3476449	18267
3476450	
3476451	18268
3476452	18269
3476453	18270
3476454	18271
3476455	
3476456	18273
3476457	18274
3476458	18276
3476459	18277
3476460	
3476461	
3476462	18279
3476463	18280
3476464	1937264
3476465	1937265
3476466	18283
3476467	18284
3476468	18285
3476469	18286
3476470	18287
3476471	18288
3476472	18289
3476473	18290
3476474	18291
3476475	18292
3476476	18293
3476477	18294
3476478	
3476479	
3476480	
3476481	
3476482	
3476483	
3476484	
3476485	
3476486	18333
3476487	18334
3476488	18335
3476489	
3476490	18336
3476491	18337
3476492	18338
3476493	18339
3476494	18340
3476495	18341
3476496	18342
3476497	18343
3476498	18344
3476499	18345
3476500	18346
3476501	18347
3476502	
3476503	18348
3476504	18349
3476505	
3476506	18350
3476507	18351
3476508	18352
3476509	18353
3476510	18354
3476511	18355
3476512	18356
3476513	18357
3476514	18358
3476515	18359
3476516	18360
3476517	18361
3476518	
3476519	
3476520	18364
3476521	18365
3476522	
3476523	18376
3476524	18377
3476525	18378
3476526	
3476527	
3476528	
3476529	
3476530	
3476531	
3476532	
3476533	
3476534	
3476535	
3476536	
3476537	18379
3476538	18380
3476539	1937304
3476540	
3476541	18382
3476542	18383
3476543	18384
3476544	18385
3476545	18386
3476546	18387
3476547	18388
3476548	
3476549	18389
3476550	18390
3476551	18391
3476552	1937310
3476553	
3476554	
3476555	
3476556	18392
3476557	18393
3476558	18394
3476559	18395
3476560	18396
3476561	18397
3476562	1937314
3476563	18398
3476564	1937315
3476565	18400
3476566	18401
3476567	18402
3476568	18403
3476569	18404
3476570	18405
3476571	
3476572	18407
3476573	18408
3476574	18409
3476575	18410
3476576	18411
3476577	
3476578	18412
3476579	18413
3476580	18414
3476581	18415
3476582	18416
3476583	18417
3476584	18418
3476585	18419
3476586	18420
3476587	18421
3476588	18422
3476589	18423
3476590	18424
