locusId	orth331112.locusId
14146	3471954
14147	3471955
14148	3471956
14149	3471957
14150	
14151	3471959
14152	3471960
14153	3471961
14154	3471962
14155	3471963
14156	3471964
14158	3471965
14159	3471967
14160	3471968
14161	
14163	
1936200	
1936201	
14164	3471971
14165	3471972
14166	
14167	
14168	3471977
14169	3471978
14170	3471979
14171	3471980
14172	3471981
14173	
14174	3471983
14175	3471984
14176	3471985
14177	3471987
14178	3471988
14180	3471990
14181	3471991
14182	3471992
14183	3471993
14184	3471994
14185	3471995
14186	3471996
14187	3471999
14188	3472000
14189	3472001
14190	3472002
14191	3472003
14192	3472004
14193	3472005
14194	3472006
14195	3472007
14196	3472008
14197	3472009
14198	3472010
14199	3472011
14200	3472012
14201	3472013
3446137	
14204	3472014
14205	3472015
14206	3472016
14207	3472017
14208	3472018
14209	3472019
14210	3472020
14211	3472021
14212	3472022
14213	3472023
14214	3472024
14215	3472026
1936206	
7497338	
1936207	3472027
14217	3472028
14218	3472029
14219	3472030
14220	3472031
14221	3472032
14222	3472033
1936210	3472035
14224	3472036
14226	3472038
14227	3472039
14228	3472040
14229	3472041
14230	3472042
14231	3472043
14232	3472044
14233	
14234	3472046
14235	3472047
14236	3472048
14237	3472049
14238	3472050
14239	3472051
14240	3472052
14241	3472053
14242	3472054
14243	3472055
14244	3472056
14245	3472057
14247	3472058
14248	3472059
14249	3472060
14250	3472061
14252	3472062
14253	3472063
14254	
14255	3472065
14256	3472066
14257	3472067
14258	3472068
14259	3472069
14260	3472070
14261	3472071
14262	3472072
14263	3472073
14264	3472074
14265	3472075
14266	3472076
14267	3472077
14268	3472078
14269	3472079
14270	3472080
14271	3472081
14272	3472082
14273	3472083
14274	3472084
14275	3472085
14276	3472086
14277	3472087
14278	3472088
14279	3472089
14280	3472090
14281	
14282	3472092
14283	
14284	
14285	
14286	3472095
14287	
14288	3472097
14289	3472098
14290	3472099
14291	3472100
14292	3472101
14293	3472102
14294	3472103
14295	3472104
14296	3472106
14297	3472107
14298	3472108
14299	3472109
14300	3472110
14301	3472111
14302	3472112
14303	3472113
14304	3472114
14305	3472115
14306	3472116
14307	3472117
14308	3472118
14309	3472119
14310	
14312	3472120
14313	3472121
14314	3472122
1936221	
14315	3472124
14316	3472125
14317	3472126
14318	3472127
14319	3472128
14320	3472129
14321	3472130
14322	3472131
14323	3472132
14324	3472133
14325	3472134
14326	3472135
14327	3472136
14328	3472137
14329	3472138
14330	3472139
14331	3472140
14332	3472141
14333	3472142
14334	3472143
14335	3472144
1936225	3472145
14336	3472146
14337	3472147
14338	3472148
14339	3472150
14340	3472151
14341	3472152
14342	3472153
14343	3472154
14344	3472155
14345	3472156
14346	3472157
1936227	
1936228	
1936229	
1936230	
1936231	
1936232	
14347	3472164
14348	3472165
14349	3472166
14350	3472167
14351	3472168
14352	3472169
14353	3472170
14354	3472171
14355	3472172
1936234	
14356	3472175
3446138	
14357	
1936235	
14358	3472200
14359	3472201
14360	3472202
14361	3472203
14362	3472204
14363	3472205
14364	3472206
14365	3472207
14366	3472208
14367	
14368	3472211
14369	
14370	3472213
14371	
14372	
14373	3472214
14374	
14375	3472216
14376	3472217
14377	3472218
14378	3472219
14379	3472220
14380	3472221
14381	3472222
14382	3472223
1936238	
3446140	
14383	
14384	
1936239	
14385	
14386	
14387	
14388	
14389	
3446142	
3446144	
14390	
14391	
14392	
3446146	
14394	
7497339	
14396	
14397	
14398	
14399	
14400	
14401	
14402	
14403	
1936246	
14404	
14405	
14406	
14407	
14408	
14409	
14410	
14411	
7497340	
14412	
14413	
14414	
14415	
14416	
14417	
14418	
14419	
3446148	
7497341	
7497342	
14421	
14422	
14423	
14424	
14425	
14426	
14427	
14428	
14429	
14430	
14431	
14432	3472300
14433	
1936249	3472301
14434	3472302
7497343	
3446150	
14435	
14436	
14437	
14438	
3446152	
14439	3472306
14441	
14442	3472308
14443	3472310
14444	3472311
14445	3472312
14446	3472313
14448	3472314
14449	3472322
14450	3472323
14451	3472324
14452	3472325
14453	3472327
14454	3472328
14455	3472329
14456	3472331
14457	3472332
14458	3472333
14459	3472334
14461	3472335
14462	3472336
14463	3472342
14464	3472343
14465	3472346
14466	3472347
14467	3472348
14468	3472349
14469	3472350
14471	3472351
14472	3472352
14473	3472353
14474	3472354
14475	3472355
14476	3472356
14477	3472357
14478	3472358
14479	3472359
14480	
14481	3472360
14482	3472361
14483	3472362
14484	3472363
14485	3472364
14486	3472365
14487	3472366
14488	3472367
14489	3472368
14490	3472369
14491	3472370
14492	3472371
14493	3472373
14494	3472374
14495	
14496	3472376
1936264	
14498	
14499	
14501	3472378
14502	3472379
14503	3472382
14504	3472383
14505	3472384
14506	3472385
14507	3472386
1936269	
14510	
14511	
14513	3472391
14514	3472392
14515	3472395
14516	3472396
14517	3472397
14518	3472398
14519	3472399
14520	3472402
14521	3472403
14522	
14523	3472405
14524	3472406
14525	3472407
14526	3472408
14527	3472409
14528	3472410
14529	
14530	3472412
14531	3472413
14532	3472414
14534	3472415
14535	3472416
14536	3472417
14537	3472419
14538	3472420
14539	3472423
14540	3472424
14541	3472425
14542	3472426
14543	3472427
14544	3472428
14545	3472429
14546	3472430
14547	3472431
14548	3472432
14549	3472434
14550	3472435
14551	3472436
14552	3472437
14553	3472438
14554	3472439
14555	3472440
14556	3472441
14557	3472442
14558	3472443
14559	3472444
14560	3472445
14561	3472447
14562	3472448
14563	3472449
14564	3472450
14565	3472451
14566	3472455
14567	3472456
14568	3472457
14569	3472458
14570	3472459
14571	3472460
14572	3472461
14573	3472463
14574	3472465
14575	3472466
14576	3472467
14577	3472468
14578	3472469
14579	3472470
14580	3472471
14581	3472472
14582	3472473
14583	3472474
14584	3472475
14585	3472476
14586	3472477
14587	3472478
14588	3472479
14589	3472480
14590	3472481
14591	3472482
14592	3472483
1936286	
14593	3472485
14594	3472486
14595	3472487
14596	3472488
14597	3472489
14598	3472490
14599	3472491
14600	3472492
14601	3472493
14602	3472494
14603	3472496
14604	3472497
14605	3472498
14606	3472499
14607	3472500
14608	3472501
14609	3472502
14610	3472503
14611	3472504
14612	3472505
14613	3472506
14614	3472507
14615	3472508
14616	3472509
14617	3472510
14618	3472511
3446153	
14619	3472513
14620	3472514
14621	
14622	3472518
14623	3472519
14624	3472520
14625	3472521
14626	3472522
14627	3472523
14628	3472524
14629	3472525
14630	3472526
14631	3472527
14632	3472528
14633	3472529
14634	
14635	
14636	
14637	
3446155	
5752725	
14640	3472530
14641	3472531
14642	3472532
14643	3472533
14644	3472534
14645	3472535
14646	3472536
14648	3472537
14649	3472538
14650	3472539
14651	3472540
14652	3472542
14653	3472543
14654	3472544
14655	3472545
1936295	
14657	3472547
14658	3472548
14659	3472550
14660	3472551
14661	3472552
14662	3472553
14663	
14664	3472555
14665	
14666	3472556
14667	3472557
14668	3472559
14669	3472560
14670	3472561
14671	3472562
14672	3472563
1936299	
14673	
3446157	
14675	
14674	
14678	
14676	
14677	
14679	
14680	
14681	3473982
14682	3473981
3446158	
14683	
14684	
14685	
14686	3472253
1936302	
14687	
14689	
14688	
14690	
14691	
14692	
1936303	
14693	
14694	
14695	
3446159	
14696	
3446161	
14697	
14698	
14699	
14700	
14701	
3446163	
14702	
14703	
14704	
14705	
14706	3472569
14707	
14708	3472571
14709	
14710	
14711	
14712	3472575
14713	
14714	3472577
14715	
14716	3472579
14717	3472580
10279116	
1936307	
14718	
14719	3472583
14720	3472584
14721	
1936308	
14722	
14723	
14724	
14725	
14726	3472593
14727	
14728	
14729	
14730	
14731	
14732	
14733	
14734	
1936309	
14736	
14737	
14738	
14739	3472606
14740	
14741	
14742	
14743	
14744	3472611
14745	3472612
14747	
14748	3472614
14749	
14750	
14751	3472617
14752	
14753	
14754	
14755	
14756	3472622
14757	
14758	
14759	
14760	3472627
14761	3472628
1936314	
14764	
14765	
14766	
14767	
14768	
14769	
14770	
14771	
14772	
14773	
14774	
14775	3472642
14776	
14777	3472644
14778	
14779	3472646
14780	3472647
14781	
14782	
14783	
14784	
14785	
14786	
14787	
14788	3472648
14789	
14790	3472650
14791	
14792	3472653
14793	
14794	3472656
14795	3472657
14796	3472658
14797	3472659
14798	3472660
14799	3472661
1936319	
1936320	
1936321	
1936322	
1936323	
1936324	
1936325	
14804	3472669
14805	3472671
14806	3472672
14807	3472673
14808	3472674
14809	3472675
14810	3472677
14811	
14812	3472680
14813	3472681
3446164	
14814	3472682
14815	3472683
14816	3472684
14817	3472685
14818	3472686
14819	3472688
14821	
3446166	
14823	
14824	
3446167	
14826	3472692
14827	3472693
14828	3472694
14829	3472695
14830	3472696
1936329	3472697
14832	3472698
14833	
14834	
14835	
14836	3472701
1936330	
14837	
14838	3472704
14839	3472705
14840	3472706
14841	3472708
14842	3472709
14843	3472710
14844	3472711
14845	3472712
14846	3472713
14847	3472714
14848	3472715
14849	3472716
14850	3472717
14851	3472718
14852	3472719
14853	3472720
14854	3472721
14855	3472722
14856	3472723
14858	3472724
14859	3472725
14860	3472726
14861	3472727
14862	3472728
14863	3472729
14864	
14865	3472736
14866	3472737
1936336	3472738
14867	3472739
14868	3472740
14869	3472741
14870	3472742
14871	
14872	
14873	3472745
14874	3472746
1936337	
1936338	
1936339	
1936340	
1936341	
1936342	
1936343	
14875	3472754
14876	3472755
14877	3472756
14878	3472757
14879	3472758
14880	3472759
14881	3472760
14882	3472761
14883	3472762
14884	3472763
14885	3472764
14886	3472765
14887	3472766
14888	3472767
14889	3472768
14890	3472769
14891	3472770
14892	3472771
14893	
14894	3472773
14895	3472774
14896	3472775
14897	3472776
14898	3472777
14899	3472778
14900	3472779
14901	3472780
14902	3472781
14903	3472782
3446168	
14904	3472783
14905	3472784
14906	3472785
14907	3472786
14908	3472787
14909	3472788
14910	3472789
14911	3472790
14912	3472791
14913	3472792
14914	3472793
14915	3472794
14916	3472795
14917	3472796
14918	3472797
14919	3472798
14920	3472799
14921	3472800
14922	3472801
14923	3472803
14924	3472804
14925	3472805
14926	3472806
14927	3472807
14928	3472808
14929	3472809
14930	3472810
14931	3472811
14932	3472812
14933	3472813
14934	3472815
14935	3472816
14936	3472817
14937	3472818
14938	3472820
14939	3472821
14940	3472822
14941	
1936353	
14942	3472824
14943	3472825
14944	3472826
14945	3472827
14946	
14947	3472830
14948	3472831
14949	3472832
14950	3472833
14951	3472834
14952	3472835
14953	
14954	3472837
14955	
14956	3472839
14957	3472840
14958	3472841
14959	3472842
14960	3472845
14961	3472846
14962	
14963	3472848
14964	3472849
14965	3472850
14966	3472851
14967	3472853
14968	3472854
14969	3472855
14970	3472856
14971	3472857
1936357	
14972	3472900
14973	3472901
14974	3472902
14975	3472903
14976	3472904
14977	
14978	
14979	3472907
14980	3472908
14981	3472909
14982	3472910
14983	3472911
14984	3472912
14985	3472914
14986	3472915
14987	3472916
14988	3472917
14989	3472918
14990	3472919
14991	3472920
14992	3472921
14993	3472922
14994	3472923
14995	3472924
14996	3472925
14997	3472926
14998	3472927
14999	3472928
15000	
15001	3472930
15002	3472931
15003	3472932
15004	3472933
15005	
15006	3472935
15007	3472936
1936364	
15008	3472938
15009	3472939
15010	3472940
15011	3472941
15012	3472942
15013	3472944
15014	3472945
15015	3472946
15016	3472947
15017	3472948
15018	3472949
15019	3472950
15020	3472951
15021	
15022	3472954
15023	3472955
15024	3472956
15025	
15026	3472958
15027	3472959
15028	3472960
15029	3472961
15030	3472962
15031	3472963
15032	3472964
15033	3472965
15034	3472966
15035	3472967
15036	3472968
15037	
15038	3472970
15039	3472971
15040	3472972
15041	3472973
15042	3472974
15043	3472975
15044	3472976
15045	3472977
15046	3472978
15047	3472979
15048	3472980
15049	3472981
15050	3472982
15051	3472983
15052	3472985
15053	3472986
15054	3472987
15055	3472988
15056	3472990
15057	3472991
15058	3472992
15059	3472993
15060	3472994
15061	3472995
15062	
15063	3472997
15064	3472998
15065	3472999
15066	3473000
15067	3473001
15068	3473002
15069	3473003
15070	3473004
15071	3473005
15072	3473006
15073	3473007
15074	3473008
15075	3473009
15076	3473010
15077	3473011
15078	3473012
15079	3473013
15080	3473014
15081	3473015
15082	3473016
15083	3473017
15084	3473018
15085	3473019
15086	3473020
15087	3473021
15088	3473022
15089	3473023
15090	3473024
15091	3473025
15092	
15093	3473026
15094	3473027
1936382	
15095	3473029
15096	3473030
15097	3473031
15098	3473032
15099	3473033
15100	3473034
15101	3473035
15102	3473036
3446169	3473037
15104	3473038
15105	3473039
15106	3473040
15107	3473041
15108	
15109	3473043
15110	3473044
15111	3473045
1936385	
15112	
15113	3473046
15114	3473047
15115	3473048
1936386	
15116	3473050
15117	3473052
15118	3473053
15119	3473054
15120	3473055
15121	3473056
15122	3473057
15123	3473059
15124	3473060
15125	3473061
15126	3473063
15127	3473064
15128	3473065
15129	3473066
15130	3473069
15131	3473070
15132	3473071
15133	3473072
15134	3473073
15135	3473074
15136	3473075
15137	3473076
15138	3473077
15139	3473079
1936393	
15141	3473081
15142	3473082
15143	3473083
15144	3473084
15145	3473085
15146	3473086
15147	
15148	3473091
15149	
15150	
15151	
15152	3473095
1936397	
15155	3473098
15156	3473099
15157	3473100
15158	3473101
15159	3473102
15160	3473103
15161	3473104
15162	3473105
15163	3473107
15164	3473108
15165	3473109
15166	3473112
15167	3473113
15168	3473114
15169	3473115
15170	3473117
15171	3473118
15172	3473120
15173	3473121
15175	3473122
15176	3473124
15177	3473125
15178	3473126
15179	3473127
15180	3473128
15181	3473129
15182	3473130
15183	3473131
15184	3473132
15185	3473133
15186	3473134
15187	3473135
15188	3473136
15189	3473137
15190	3473138
15191	3473139
15192	3473140
15193	3473141
15194	3473142
15195	3473143
15196	3473144
15197	3473145
15198	3473146
15199	3473147
15200	3473148
15201	3473149
15202	3473150
15203	3473151
15204	3473152
15205	3473153
15206	3473154
15207	
15208	3473155
15209	3473156
1936407	
15210	3473158
15211	3473159
15212	3473160
15213	3473161
15214	3473162
15215	3473163
15216	3473164
15217	3473165
15218	3473166
15219	3473167
15220	3473168
15221	3473169
15222	3473170
15223	3473171
15224	3473172
15225	3473174
15226	3473175
15227	3473176
15228	3473177
15229	3473178
15230	3473179
15231	3473180
15232	3473181
15233	3473182
15234	3473183
15235	3473184
15236	3473185
15237	3473186
15238	
15239	3473187
15240	3473188
15241	3473189
15242	3473190
15243	
15244	
15245	3473191
15246	3473192
15247	
15248	3473194
15249	3473195
15250	3473196
15251	3473197
15252	3473198
15253	3473199
15254	3473200
15255	3473201
15256	3473202
15257	3473203
15258	3473204
15259	
15260	
15261	
15262	
15263	
15265	
15266	
15267	
15268	
15269	
15270	
7497344	
7497345	
15272	
15273	
15274	
15275	
15276	
15277	
15278	
5752726	
15280	
15281	
1936422	
15282	
15283	3473205
15284	3473206
15285	3473207
15286	
15287	
15288	3473210
15289	3473211
15290	3473212
1936424	3473213
1936425	
15293	3473217
15294	3473218
3446170	3473219
3446171	
1936428	
15296	3473222
15297	3473223
15298	3473224
15299	
15300	3473226
15301	3473227
15302	3473228
15303	3473229
15304	
15305	3473233
15306	3473234
15307	3473235
15308	3473236
15309	3473237
15310	3473238
15311	3473239
15312	3473240
15313	3473241
15314	3473242
15315	3473243
15316	3473244
15317	3473245
15318	3473246
15319	3473247
15320	3473249
15321	3473250
15322	3473251
15323	3473252
15324	3473253
15325	3473255
15326	3473256
15327	3473257
15328	3473258
15329	3473259
15330	3473260
15331	3473261
15332	3473262
15333	3473263
15334	3473264
15335	3473265
15336	3473266
15337	3473267
1936439	
1936440	
1936441	3473269
1936442	
1936443	
1936444	
15338	3473271
15339	3473272
15340	3473273
15341	3473274
15342	3473276
15343	3473277
15344	3473278
15345	3473280
15346	3473281
15347	3473282
15348	3473283
15349	3473284
1936445	
15351	
1936446	
1936447	
15352	3473287
15353	
15354	3473289
15355	3473290
15356	3473291
15357	3473292
15358	3473294
1936448	
15361	3473296
15362	3473297
15363	3473298
15364	3473299
15365	3473300
1936449	3473301
15367	3473302
15368	3473303
15369	3473304
3446172	
15370	3473305
15371	3473306
15372	3473307
15373	3473308
15374	3473309
15375	
15376	3473311
15377	3473312
15378	3473313
15379	
15380	3473315
15381	
15382	3473317
15383	3473318
15384	3473319
15385	3473320
15386	3473321
15387	3473322
15388	3473323
15389	3473324
15390	3473325
15391	3473326
15392	3473327
15393	3473328
15394	3473329
15395	3473330
1936456	
1936457	
15396	3473333
15397	3473334
15398	3473335
15399	3473336
15400	3473337
15401	3473339
15402	3473340
15403	3473341
15404	3473342
3446173	3473343
15405	3473344
7497346	
15406	3473345
15407	3473346
15408	3473347
15409	3473349
15410	3473350
15411	3473351
15412	3473352
15413	3473353
15414	3473354
15415	3473355
15416	3473357
15417	3473358
15418	3473359
15419	3473360
15420	3473361
15421	3473362
15422	3473363
15423	3473364
15424	3473365
15425	3473366
15426	3473367
15427	3473368
15428	3473369
15429	3473370
15430	3473371
15431	3473372
15432	3473373
15433	3473374
15434	3473375
15435	3473376
15436	3473377
15437	3473378
1936466	
15439	3473380
15440	3473381
15441	3473382
15442	3473383
15443	3473384
15444	3473385
15445	3473386
15446	3473387
1936468	
7497347	
15447	3473388
15448	3473389
15449	3473391
15450	3473392
15451	
15452	3473393
15453	3473394
15454	3473395
15455	3473396
15456	3473397
15457	3473398
15458	3473399
15459	3473401
1936472	
15460	3473403
15461	3473404
15462	3473405
10279117	
15463	3473407
15464	3473408
15465	
15466	
15467	
15468	
15469	3472236
15470	
15471	
1936475	
15473	
15474	
15476	
15477	
15478	
15479	
15480	
15481	
15482	
15483	
15484	
1936482	
15485	
15487	
15488	
15490	
1936483	
15492	
15494	
15495	
15496	
15497	
3446175	
15498	3473409
15499	3473410
1936487	
15500	3473412
1936488	3473413
15501	3473414
15502	3473415
15503	
15504	3473417
15505	3473418
15506	3473419
15507	3473420
15508	3473421
15509	3473422
15510	3473423
15511	3473424
15512	3473425
15513	3473426
15514	3473427
15515	3473428
15516	3473429
15517	3473430
15518	3473431
15519	3473432
15520	3473433
15521	3473434
15522	3473435
7497348	
1936492	
15524	
15525	
15526	
15528	3473437
15529	3473438
15530	3473439
15531	3473440
15532	3473441
15533	3473442
15534	3473443
15535	3473444
15536	3473445
15537	3473446
1936496	
15539	3473448
3446176	
15540	3473449
1936500	
15541	3473450
1936501	
15542	3473451
15543	3473452
15544	3473453
15545	3473454
15547	3473455
15548	3473456
15549	3473457
15550	3473458
15551	3473459
15552	3473461
1936505	
15553	
15554	3473464
15555	3473465
15556	3473466
15557	3473467
15558	
15559	3473469
15560	3473470
15561	3473471
15562	3473472
15563	3473473
15564	3473474
15565	3473475
3446177	
15566	3473478
15567	3473479
15568	3473480
15569	3473481
15570	3473482
15571	3473483
15572	3473484
15573	3473486
15574	3473487
15575	3473488
15576	
15577	
15578	
15580	
15581	
15582	3473492
15583	3473493
15584	3473494
15585	
15586	3473496
15587	3473497
15588	3473498
15589	3473499
15590	3473500
15591	3473501
15592	
15593	
15594	3473503
15595	3473504
15596	3473505
15597	3473506
15598	3473508
15599	3473509
15600	3473510
15601	3473511
15602	3473512
15603	3473513
15604	3473514
15605	3473515
15606	3473516
15607	3473517
15608	3473518
15609	3473519
15610	3473520
15611	3473521
15612	3473522
15613	3473523
15614	3473524
15615	3473525
15616	3473526
15617	3473527
15618	3473528
15619	3473529
15620	3473530
5752727	
15622	3473531
15623	3473532
15624	3473533
15625	3473534
15626	
15627	
15628	3473536
15629	3473537
7497349	
15632	3473539
15633	3473540
15634	
15635	3473542
15636	3473543
15637	3473544
15638	3473545
15639	3473546
15640	3473547
15641	3473548
1936527	3473549
15643	3473550
15644	3473551
15645	3473552
15646	3473553
15647	3473554
15648	3473555
15649	3473556
15650	3473557
15651	
15652	
15653	
15654	3473567
15655	3473568
3446178	3473569
10279118	
15656	3473570
15658	3473571
15659	3473572
15660	3473573
15661	
15662	3473575
15663	
15664	3473577
3446180	
15666	
15667	
15668	
15669	
15670	
1936532	
15671	
15672	3473586
15673	
15674	3473587
15675	3473588
7497350	
15676	3473589
15677	
15678	
15679	
15680	
15681	
15682	
15683	
15684	
15685	
15686	
15687	
15688	
15689	
15690	
15691	
15692	
15693	
15694	
15695	
1936540	
15696	
15697	
15698	
15699	
15700	
15701	3473598
15702	3473599
15703	3473600
15704	3473601
15705	3473602
15706	3473603
15707	3473604
15708	3473605
15709	3473606
15710	3473607
15711	3473608
15712	3473609
15713	3473611
15714	3473612
15715	3473613
15716	3473614
15717	3473615
15718	3473616
3446181	
15719	3473617
15720	3473618
15721	3473619
15722	3473620
15723	3473621
15724	3473622
15725	3473624
15726	3473625
15727	3473626
15728	3473627
15729	3473628
15730	3473629
15731	3473630
15732	3473631
15733	3473632
15734	3473633
15735	3473634
15736	3473635
15737	3473636
15738	3473637
15739	3473638
15740	3473639
15741	3473640
15742	3473641
15743	3473642
15744	3473643
15745	3473644
1936552	3473645
15746	3473646
15747	3473647
15748	3473648
15749	3473649
15750	3473650
15751	3473651
15752	3473652
15753	3473653
15754	3473654
15755	3473655
15756	3473656
15757	3473657
15758	3473658
15759	3473659
15760	3473660
15761	3473661
1936555	3473662
15763	3473663
15764	3473665
15765	3473666
15766	3473667
15767	3473668
1936558	3473669
15769	
15770	3473671
15771	3473672
15772	3473673
15773	3473674
15774	3473676
15775	3473677
15776	3473679
15777	3473680
15778	3473681
3446182	3473682
15779	3473683
15780	3473684
1936561	3473685
15782	3473686
15783	3473687
1936562	3473688
15785	3473689
1936563	
1936564	
15786	3473693
15787	3473694
15788	
15789	3473696
15790	3473697
15791	3473698
15792	3473699
15793	3473700
15794	3473701
15795	3473702
15796	3473703
15797	3473704
15798	3473705
15799	3473706
15800	3473707
15801	3473708
15802	3473709
15803	3473710
1936567	
15804	3473712
15805	3473713
15806	3473714
15807	3473715
1936568	
15808	3473717
15809	3473718
15810	3473719
15811	3473720
15812	3473721
15813	
15814	3473723
15815	
15816	
15817	
15818	
15819	
15820	
15821	3473727
15822	3473729
15823	3473730
15824	3473731
15825	3473732
15826	3473733
15827	3473734
15828	3473735
15829	3473736
15830	3473737
15831	3473738
15832	3473739
15833	3473740
15834	
15835	3473743
15836	3473744
15837	3473745
15838	3473746
1936574	
1936577	
15840	3473748
15841	3473749
15842	3473750
15843	3473751
15844	3473752
15845	3473753
15846	3473754
15847	3473755
15848	3473756
15849	3473757
1936580	3473758
15851	3473760
15852	3473761
15853	3473762
15854	
15855	3473764
15856	3473765
15857	3473766
15858	3473767
15859	3473768
15860	3473769
15861	3473770
15862	3473772
15863	3473773
15864	3473774
15865	3473775
15866	3473776
15867	3473778
15868	3473779
15869	3473780
15870	3473781
15871	3473782
15872	3473783
15873	3473784
15874	3473785
15875	3473786
15876	3473787
15877	3473788
15878	3473789
15879	3473790
15880	3473791
15881	3473792
15882	3473793
15883	3473794
15884	3473795
15885	3473796
15886	3473797
15887	3473798
15888	3473799
15889	3473800
15890	3473801
15891	3473802
15892	
15893	3473804
15894	3473805
15895	3473806
15896	3473807
15897	3473808
15898	3473809
15899	3473810
15900	3473811
15901	3473813
15902	3473814
15903	3473815
15904	3473816
15905	3473817
15906	3473818
15907	3473819
15908	3473820
15909	3473821
15910	3473822
15911	3473823
15912	3473824
7497351	3473825
7497352	
15913	3473826
15914	3473828
15915	3473829
15916	3473830
15917	3473831
15918	3473832
15919	3473833
15920	3473834
15921	3473835
15922	3473836
15923	3473838
15924	3473839
15925	3473840
15926	3473841
15927	3473842
15928	3473843
15929	
15930	3473847
15931	3473848
15932	3473849
15933	3473850
15934	3473851
15935	3473852
15936	3473853
15937	3473854
15938	3473855
15939	3473856
15940	3473857
15941	3473858
15942	3473859
15943	3473860
15944	3473861
1936602	3473862
15945	3473863
15946	3473864
15947	3473865
15948	3473866
1936604	3473867
15950	3473868
15951	3473869
15952	3473870
15953	3473871
15954	3473872
15955	3473873
15956	3473874
1936611	
1936612	
15957	3473877
15958	3473878
15959	3473879
15960	3473880
15961	3473881
15962	3473882
15963	3473883
15964	
15965	3473886
15966	3473887
15967	3473888
15968	3473889
15969	3473890
15970	3473891
15971	3473893
15972	3473894
15973	3473895
15974	3473896
15975	3473897
15976	3473898
15977	3473899
15978	3473900
15979	3473901
7497353	
15980	3473902
15981	3473903
15982	3473904
15983	3473905
15984	3473906
15985	3473908
15986	3473909
15987	3473910
15988	3473911
15989	3473912
15990	3473914
15991	3473915
1936619	3473916
15993	3473917
15994	3473918
15995	3473919
15996	3473920
15997	3473921
15998	3473922
15999	3473924
16000	3473925
16001	3473926
16002	3473927
16003	
16004	3473929
16005	3473931
16006	3473932
16007	3473933
16008	3473934
16009	3473935
16010	3473936
16011	
16012	
16013	3473940
16014	3473941
16015	3473942
1936623	3473943
16017	3473944
16018	3473945
16019	3473946
16020	
7497354	
16021	3473949
16022	3473951
16023	3473952
16024	3473953
16025	3473954
1936626	
1936627	
1936628	
16026	3473958
16027	3473959
16028	3473960
16029	3473962
16030	3473963
16031	3473964
16032	3473965
16033	3473966
16034	3473967
16035	
16036	3473969
16037	3473970
16038	3473971
16039	3473972
16040	3473973
16041	3473974
16042	3473975
16043	3473976
16044	3473977
1936633	3473978
16046	
1936634	
16050	
16051	3473984
16052	3473985
16053	3473986
16054	3473987
16055	3473988
16056	3473989
16057	3473990
16058	3473991
16059	3473992
16060	3473993
16061	3473994
16062	3473995
16063	3473996
16064	3473997
16065	3473998
16066	3473999
16067	3474000
1936638	
16068	
16069	
16070	3474005
16071	3474006
16072	3474007
16073	3474008
16074	3474009
16075	3474010
16076	
3446183	
1936641	
16080	3474014
16081	3474015
16082	3474016
16083	3474017
16084	3474018
16085	3474019
16086	3474020
16087	3474021
1936644	
16088	3474045
1936646	
16089	
1936648	
16092	3474049
16093	3474050
16094	3474051
1936649	
16095	3474053
1936650	
16096	3474055
16097	3474056
1936651	
16098	3474058
16099	3474059
16100	3474060
16101	3474061
3446185	
16102	
3446187	
3446189	
1936652	
16104	
1936653	
16107	
1936655	
1936656	
16109	
16110	
16111	
16112	
16113	
16114	
3446191	
1936658	
16115	3474087
16116	3474088
16117	3474089
16118	3474090
16119	3474091
16120	3474092
16121	3474093
16122	3474094
7497355	
16123	3474095
16124	3474096
1936663	3474097
16125	3474098
16126	3474099
16127	3474100
16128	3474101
16129	3474102
16130	3474103
16131	3474104
16132	3474105
16133	3474106
16134	3474107
16135	
16136	3474120
16137	3474125
1936668	
16139	
16140	
16141	
16142	
16143	
16144	
16145	
16146	
16147	
16148	3474122
16149	
16150	3474143
16151	
16152	
16153	
16154	
16155	
16156	
16157	
16158	
16159	
16160	
16161	
16162	
16163	
16164	
16165	
16166	
16167	
16168	
16169	
16170	
16171	
16172	3474145
16173	3474146
16174	3474147
16175	
16176	3474149
16177	3474150
16178	3474151
16179	3474153
16180	3474154
16181	3474155
1936676	
7497356	
1936677	
7497357	
16182	3474158
16183	3474159
16184	3474160
16185	3474161
16186	3474162
16187	3474163
16188	3474164
16189	
1936680	
16190	
16191	
16193	3474167
16194	3474168
1936682	
16196	
16197	
16198	3474170
16199	3474171
16200	3474172
16201	3474173
16202	3474174
16203	3474175
16204	3474176
16205	3474177
16206	3474178
16207	3474179
16208	3474180
16209	3474181
16210	3474182
16211	3474183
16212	3474184
16213	3474185
16214	3474186
16215	3474187
16216	3474188
16217	3474189
16218	3474190
16219	
16220	3474191
16221	3474192
1936690	
16225	3474194
1936691	3474195
16227	3474196
16228	3474197
16229	3474198
16230	
16231	3474200
16232	3474201
16233	3474202
16234	3474203
16235	
1936696	3474205
16236	3474206
16237	3474207
16238	3474208
16239	3474209
16240	3474210
16241	3474211
16242	3474212
16243	3474213
16244	3474214
16245	3474215
16248	
7497358	
16249	3474217
16250	3474218
16251	
16252	3474220
16253	3474221
16254	3474222
16255	3474223
16256	3474224
16257	3474225
16258	3474226
16259	3474227
16260	3474228
16261	3474229
16262	3474230
16263	3474231
16264	3474232
16265	3474234
16266	3474236
16267	3474237
16268	3474238
16269	3474239
16270	3474240
16271	3474241
16272	3474242
16273	
16274	3474244
16275	
16276	3474246
16277	3474247
16278	3474248
16279	3474250
1936704	
16280	3474251
16281	3474252
16282	3474253
16283	3474254
16284	3474255
16285	3474256
16286	3474257
16287	3474258
16288	3474259
16289	3474260
16290	3474261
16291	3474262
16292	3474263
16293	3474264
16294	3474265
16295	3474266
16296	3474268
16297	3474269
1936708	
16298	
16300	
16301	3474273
16302	3474274
16303	3474275
16304	3474276
16305	3474277
16306	3474278
16307	3474279
16308	3474280
16309	3474281
16310	3474282
16311	3474283
16312	3474284
16313	3474285
16314	3474286
16315	3474287
16316	3474288
3446192	
16317	3474289
16318	3474291
16319	3474292
16320	3474293
16321	3474294
16322	3474295
16323	3474296
1936711	
16324	3474299
16325	3474300
16326	3474302
16327	3474303
16328	3474304
16329	3474305
16330	3474306
16331	3474307
16332	3474308
16333	3474309
16334	3474310
1936712	
16336	3474312
16337	3474313
16338	3474314
16339	3474315
16340	3474316
3446193	
16341	3474317
16342	3474318
16343	3474319
16344	3474320
16345	
16346	3474322
16347	3474323
16348	3474325
16349	3474326
16350	3474327
16351	3474329
1936717	
16352	3474330
16353	3474331
16354	3474332
16355	3474333
16356	3474335
16357	
16358	3474338
16359	3474339
16360	3474340
16361	3474341
16362	3474342
16363	3474343
16364	3474344
1936721	3474345
16365	3474346
16366	3474347
16367	3474348
16368	3474349
16369	3474350
16370	3474351
16371	3474352
16372	3474353
16373	3474354
16374	3474355
16375	3474356
16376	
16377	3474361
16378	3474362
16379	3474363
16380	3474364
16381	3474365
16382	3474366
16383	3474367
16384	3474368
16385	3474369
16386	3474370
16387	3474371
16388	3474372
16389	3474373
16390	3474374
16391	3474375
16392	3474376
16393	3474377
16394	3474378
16395	3474379
16396	3474380
16397	3474381
16398	3474382
16399	3474383
16400	3474384
16401	
16402	3474386
16403	3474388
16404	3474389
16405	3474390
16406	3474391
16407	3474392
16408	3474393
16409	3474394
16410	3474395
16411	3474396
16412	
16413	3474398
16414	3474399
16415	3474400
16416	3474401
16417	3474402
16418	3474404
16419	3474405
16420	3474406
16421	3474407
16422	3474408
16423	3474409
16424	3474410
16425	3474411
16426	3474412
16427	3474413
16428	3474414
16429	3474415
16430	3474416
16431	3474417
16432	3474419
16433	3474420
16434	3474421
16435	3474422
16436	3474423
16437	3474424
16438	3474425
16439	3474426
16440	3474427
16441	3474428
16442	3474429
16443	3474430
3446195	
16445	3474432
16446	3474433
16447	3474434
16448	3474435
16449	3474436
16450	3474437
16451	
16452	3474439
16453	3474441
1936740	
16454	
16455	
16456	
16457	
16458	
16459	
16460	
16461	
16462	
16463	
16464	
16465	
16466	
16467	
16468	
1936745	
1936746	
3446197	
16469	3474443
16470	3474444
16471	3474445
16472	3474446
16473	3474447
16474	3474448
16475	3474449
16476	3474450
16477	3474451
16478	3474452
16479	3474453
16480	3474454
16481	
16482	3474455
16483	3474456
7497359	3474457
16484	3474458
16485	3474459
16486	3474460
16487	3474461
16488	3474462
16489	3474463
16490	3474464
16491	3474465
16492	3474466
16493	3474467
16494	3474468
16495	
16497	3474471
16498	3474472
16499	
16500	3474474
1936751	
1936752	
16501	3474477
16502	3474478
16503	3474479
1936754	
1936755	
1936756	
1936757	
16504	
16505	
16506	
16507	
16508	3474485
16509	3474486
1936758	3474487
16510	3474488
16511	3474489
16512	3474490
16513	3474491
16514	3474492
16515	3474493
16516	3474494
16517	3474495
16518	3474496
16519	3474497
16520	3474499
16521	3474500
1936759	3474501
16523	3474502
16524	3474503
16525	3474504
16526	3474505
16527	3474506
16528	3474507
16529	3474508
16530	3474510
16531	3474511
16532	3474512
16533	3474513
16534	3474514
16535	3474515
16536	3474516
16537	
16538	3474518
16539	3474519
16540	
16541	
16542	
16543	
16544	
16545	
16546	
16547	
16548	
16549	
16550	3474521
16551	
16552	3474524
16553	3474525
16554	3474526
16555	3474527
16556	3474528
16557	3474529
16558	3474530
16559	3474531
16560	3474532
16561	3474533
16562	3474534
16563	3474535
16564	3474536
16565	3474537
16566	3474538
16567	3474539
16568	3474540
16569	3474541
3446198	
16570	3474543
16571	3474544
1936770	3474545
16572	3474546
16573	3474547
16574	3474548
16575	3474549
16576	3474551
16577	3474552
16578	3474553
16579	3474554
16580	3474555
16581	
16582	3474557
16583	
16584	3474559
16585	3474560
16586	3474561
16587	3474562
16588	3474563
16589	3474564
16590	3474565
16591	3474566
16592	3474567
16593	3474568
16594	3474569
16595	3474571
16596	3474572
16597	3474573
16598	3474574
16599	3474575
16600	3474576
16601	3474577
16602	
16603	3474580
16604	3474581
16605	3474582
16606	3474597
16607	3474598
16608	3474599
16609	3474600
16610	3474601
16611	3474602
16612	3474603
16613	3474604
16614	3474606
16615	3474607
16616	3474608
16617	3474609
16618	3474610
16619	3474611
16620	3474612
1936782	
16621	3474615
16622	3474616
16623	3474617
16624	3474618
16625	3474619
16626	3474620
16627	3474621
16628	3474622
1936785	3474623
16630	3474624
16631	3474626
16632	3474627
16633	3474628
16634	
16635	3474630
16636	3474631
16637	3474632
16638	3474633
16639	
16640	3474635
16641	3474636
16642	
16643	
16644	
16645	3474640
16646	3474641
16647	3474642
16648	3474645
16649	3474646
16650	3474647
16651	3474648
16652	3474649
16653	
16654	3474651
16655	3474652
1936793	
1936794	3474654
16657	3474655
16658	3474656
16659	3474657
16660	3474658
16661	3474659
7497360	
3446200	
16662	3474662
16663	3474663
16664	3474664
16665	3474665
16666	3474666
16667	3474667
16668	3474668
16669	3474669
16670	3474670
16671	3474671
16672	3474672
16673	3474674
16674	3474675
16675	3474676
16676	3474678
16677	3474679
16678	3474680
16679	3474681
16680	
16681	3474683
16682	3474684
16683	3474685
16684	3474686
16685	3474687
16686	
1936801	
1936802	
1936803	
1936804	
16687	3474694
3446201	
16688	3474695
16689	3474696
16690	3474697
16692	3474698
16693	
16694	3474699
16695	3474700
16696	3474701
16697	3474702
16698	3474705
16699	3474706
16700	3474707
16701	3474708
16702	3474709
16703	3474710
16704	3474711
16705	3474712
16706	3474713
1936808	3474714
16708	3474715
16709	3474716
1936809	3474717
16711	3474718
16712	3474719
16713	3474720
16714	3474721
1936812	
16715	
16716	
16717	
16718	
16719	
16720	
16721	
16722	
16723	
16724	
1936814	
16726	
16727	
1936815	
16728	
16729	
16730	
16732	
16733	
3446203	
16734	
16735	
1936820	
16736	
16737	
3446205	
16738	
16739	
16741	
1936822	
1936823	
16749	3474737
16750	3474738
16751	3474739
16752	3474740
16753	3474741
16754	3474742
16755	3474743
16756	3474744
16757	3474745
16758	3474746
16759	3474747
16760	3474749
16761	3474750
16762	3474751
16763	3474752
16764	3474753
16765	3474754
16766	3474755
16767	3474756
16768	3474757
16769	3474758
1936830	
16771	3474761
16772	3474762
16773	3474763
16774	3474764
16775	3474765
16776	3474766
1936831	
16777	3474768
16778	3474769
16779	3474770
1936832	
1936833	
1936834	
1936835	
1936836	
16780	3474776
16781	3474777
16782	3474778
16783	3474779
16784	3474780
16785	3474781
1936837	3474782
1936838	3474783
16788	3474784
16789	3474785
16790	3474786
16791	3474787
16792	
16793	3474789
16794	3474790
16795	3474791
16796	3474792
16797	3474793
16798	3474794
1936841	3474795
16800	3474796
16801	3474797
16802	3474798
16803	3474799
16804	3474800
16805	3474801
16806	3474802
16807	3474803
16808	3474804
16809	3474805
16810	3474807
16811	3474808
16812	3474809
16813	3474810
16814	3474811
16815	3474812
16816	3474813
16817	3474815
16818	3474816
16819	3474817
16820	3474818
16821	3474819
16822	3474820
16823	3474821
16824	3474822
16825	3474823
16826	3474824
16827	3474825
16828	3474826
16829	3474827
16830	3474828
16831	3474829
16832	3474830
16833	3474831
16834	3474832
16835	3474833
16836	3474834
16837	3474835
11403151	
11545514	
11687906	
11403152	
11545515	
11687907	
11403153	
11545516	
11687908	
11403154	
11545517	
11687909	
11403155	
11545518	
11687910	
11403156	
11545519	
11687911	
11403157	
11545520	
11687912	
11403158	
11545521	
11687913	
11403159	
11545522	
11687914	
11403160	
11545523	
11687915	
11403161	
11545524	
11687916	
11403162	
11545525	
11687917	
11403163	
11545526	
11687918	
11403164	
11545527	
11687919	
11403165	
11545528	
11687920	
11403166	
11545529	
11687921	
11403167	
11545530	
11687922	
11403168	
11545531	
11687923	
11403169	
11545532	
11687924	
11403170	
11545533	
11687925	
11403171	
11545534	
11687926	
11403172	
11545535	
11687927	
11403173	
11545536	
11687928	
11403174	
11545537	
11687929	
11403175	
11545538	
11687930	
16838	
16839	3474838
16840	3474839
16841	3474840
16842	3474841
16843	3474842
16844	3474843
16845	3474845
10279119	
16846	3474846
16847	3474847
16848	3474848
16849	3474849
16850	3474850
16851	3474851
16852	3474852
16853	3474853
16854	3474854
16855	3474855
1936849	3474856
16858	3474857
16859	3474858
16860	3474859
11403176	
11545539	
11687931	
11403177	
11545540	
11687932	
11403178	
11545541	
11687933	
11403179	
11545542	
11687934	
11403180	
11545543	
11687935	
11403181	
11545544	
11687936	
11403182	
11545545	
11687937	
11403183	
11545546	
11687938	
11403184	
11545547	
11687939	
11403185	
11545548	
11687940	
11403186	
11545549	
11687941	
11403187	
11545550	
11687942	
11403188	
11545551	
11687943	
16861	3474862
7497361	3474863
16862	3474864
16863	3474867
16864	3474868
16865	3474869
16866	3474870
16867	3474871
16868	3474872
16869	3474873
16870	3474874
16871	3474875
16872	3474876
16873	3474877
16874	3474878
16875	3474879
16876	3474880
1936852	
16877	3474882
16878	3474883
16879	3474884
16880	3474885
16881	3474886
16882	3474887
16883	3474888
16884	3474889
16885	3474890
16886	3474891
16887	3474892
16888	3474893
16889	3474894
16890	3474895
16891	3474896
16892	3474897
1936854	
16893	3474899
16894	3474900
16895	3474901
16896	3474902
16897	3474904
1936856	
1936857	
1936858	
16898	3474909
16899	3474910
16900	3474911
16901	3474912
16902	3474913
16903	3474914
16904	3474915
16905	3474916
16906	3474917
16907	3474918
16908	3474919
16909	3474920
16910	3474921
16911	3474922
3446206	3474923
16912	3474924
16913	3474925
16914	3474926
16915	3474927
16916	3474928
16917	3474929
1936861	
1936862	
16918	3474932
16919	3474933
16920	3474934
16921	3474935
16922	3474936
16923	3474937
16924	3474938
16925	3474939
16926	3474940
16927	3474941
16928	3474942
16929	3474943
7497362	3474944
16930	
16931	
16932	3474947
16933	3474948
16934	
16935	
16937	
1936869	
16940	
16941	
16942	
16944	
1936872	
16945	3474973
16946	3474974
16947	3474975
16948	3474976
16949	3474977
1936874	3474978
16951	3474979
16952	3474980
16953	3474981
16954	3474982
16955	3474983
16956	3474984
16957	3474985
16958	3474986
16959	3474987
16960	3474988
16961	3474989
16962	3474990
16963	3474991
1936879	3474992
16966	3474993
16967	3474994
16968	3474995
7497363	
16969	3474996
16970	3474997
16971	3474998
16972	3474999
16973	3475000
16974	3475001
16975	3475002
16976	3475003
16977	
16978	3475005
16979	3475006
16980	3475007
16981	3475008
16982	3475009
16983	3475010
16984	3475011
16985	3475012
16986	3475013
16987	3475014
16988	3475015
16989	3475016
16990	3475017
1936884	
16991	3475019
1936886	
7497364	
16992	3475021
16993	3475022
16994	
16995	3475024
16996	3475025
16997	3475026
16998	3475027
16999	3475028
17000	3475029
17001	3475030
17002	3475031
17003	3475032
17004	3475033
17005	3475034
17006	3475035
17007	3475036
17008	3475037
17009	3475038
1936889	3475039
17012	3475040
17013	
1936890	3475043
17015	3475044
17016	3475045
17017	3475046
17018	3475047
17019	
17021	3475049
17022	3475051
17023	3475052
17024	3475053
17025	3475054
17026	3475055
17027	3475056
17028	3475057
17029	3475060
17030	3475061
17031	3475062
17032	3475063
17033	3475064
17034	3475065
17035	3475066
17036	3475067
17037	3475068
17038	3475070
17039	3475071
17040	3475072
17041	
17042	3475074
17043	3475075
17044	3475076
17045	3475077
1936900	
17046	3475079
17047	
17048	
17049	3475090
17050	3475091
1936902	3475092
17053	3475097
17054	3475099
17055	3475100
1936903	3475101
1936904	3475102
17057	3475103
17058	3475104
17059	
17060	
1936905	3475114
17062	3475115
17063	3475116
17064	3475117
17065	3475118
17066	3475119
17067	3475120
17068	3475121
17069	3475122
17070	3475123
17071	3475124
17072	3475125
17073	3475126
17074	3475127
17075	3475128
17076	3475129
3446208	
17078	3475131
17079	3475132
17080	3475133
17082	3475135
17083	3475136
17085	3475137
17086	3475138
17087	3475139
17088	3475140
17089	3475141
1936911	3475142
17091	3475143
1936912	3475144
17093	3475145
17094	3475146
17095	3475147
17096	3475148
17097	3475149
17098	3475150
1936913	3475151
17100	3475152
17101	3475153
17102	3475154
17103	3475155
17104	3475156
17105	3475157
17106	3475158
17107	3475159
17108	3475160
17109	3475161
17110	3475162
17111	3475163
17113	3475164
17114	3475165
17115	3475166
17116	3475167
17117	3475169
17118	3475170
17119	3475171
1936918	
17120	
17121	
17123	3475173
17124	3475174
17125	3475175
17126	3475176
17127	
1936920	
7497365	
3446209	
7497366	
17128	3475180
17129	3475181
17130	3475182
17131	3475183
17132	3475184
17133	3475186
17134	3475187
17135	3475188
17136	3475189
17137	3475192
17138	3475193
17139	3475194
17140	3475195
17141	3475196
17142	3475197
17143	3475199
17144	3475200
1936922	
17145	3475202
17146	3475203
17147	3475204
17148	3475206
17149	3475207
17150	3475208
1936924	3475209
17152	3475210
1936925	3475211
17154	3475212
17155	3475213
17156	3475214
17157	3475215
17158	3475216
17159	3475217
17160	3475218
17161	3475219
17162	3475220
1936928	
1936929	3475222
17164	
17165	3475225
17166	3475226
17167	3475227
17168	3475228
17169	3475233
17170	3475234
17171	3475235
17172	3475237
17173	3475238
17174	3475239
17175	3475240
17176	3475241
17177	3475242
17178	3475244
17179	3475246
17180	3475247
17181	3475248
17182	3475249
1936934	3475250
1936935	3475251
1936936	3475252
17187	3475253
1936938	3475254
17189	3475255
17190	3475256
17191	3475257
17192	3475258
17193	3475259
17194	3475261
17195	
1936941	
17197	3475266
17198	3475267
17199	3475268
17200	3475269
17201	3475271
17202	3475272
17203	3475273
17204	3475274
17205	3475275
17206	3475276
17207	
1936945	
17209	3475281
17210	3475282
17211	3475283
17212	3475284
17213	3475285
17214	3475286
17215	3475287
17216	3475288
17217	
17218	3475290
17219	3475291
17220	
17221	3475293
17222	3475294
17223	3475295
17224	3475296
17225	3475297
17226	3475298
17227	3475299
17228	3475300
17229	3475301
17230	3475302
17231	3475303
17232	3475304
17233	3475305
17234	3475306
17235	3475307
7497367	
17236	3475308
17237	3475309
1936951	
17238	3475311
17239	3475313
17240	3475314
17241	3475315
17242	3475316
17243	3475317
1936953	
17244	3475319
17245	3475320
1936955	
17246	3475322
17247	3475323
17248	3475324
17249	3475325
17250	3475326
17251	3475327
17252	3475328
17253	3475329
17254	3475331
17255	3475332
17256	3475333
17257	3475334
17258	3475335
17259	3475336
17260	3475337
17261	
17262	3475339
17263	
17264	3475341
17265	3475342
17266	3475343
17267	3475344
17268	3475345
17269	3475346
17270	3475347
17271	3475348
17272	3475349
17273	3475350
17274	3475351
17275	3475352
17276	3475353
17277	
17278	3475355
17279	3475356
17280	3475357
1936961	
1936962	3475359
17282	3475360
17283	
17284	3475362
17285	
17286	
17287	
1936963	
17289	
17290	
17291	
17292	3475365
17293	3475366
17294	3475367
17295	3475368
17296	3475369
17297	3475370
17298	
17299	3475372
17300	3475373
17301	3475374
17302	3475375
17303	3475376
17304	3475377
17305	3475378
17306	3475379
17307	3475380
17308	3475381
17309	3475382
17310	3475383
17311	3475384
17312	3475385
17313	3475386
17314	3475387
17315	3475388
1936971	3475390
17317	3475391
17318	3475392
17319	3475393
17320	3475394
17321	3475395
17322	3475397
17323	3475398
7497368	
3446211	
17325	3475402
17326	3475403
17327	3475404
17328	3475405
17329	3475406
17330	3475408
17331	3475409
17332	3475410
17333	3475411
17334	3475412
17335	3475413
17336	3475414
17337	3475415
17338	
1936976	3475418
17340	
17341	3475420
1936978	
1936979	
1936980	
1936981	
1936982	
1936983	
1936984	
17342	3475428
17343	3475429
17344	3475430
17345	3475431
1936986	3475432
17347	3475433
1936987	3475434
17349	3475435
17350	3475436
17351	3475437
17352	3475438
17353	3475439
1936988	3475440
17355	3475441
17356	3475442
17357	3475443
17358	3475444
17359	3475445
17360	3475446
17361	3475447
17362	3475448
17363	3475449
17364	3475450
17365	3475451
17366	3475452
17367	3475453
17368	3475454
17369	3475455
17370	3475456
17371	3475457
17372	3475458
17373	3475459
17374	3475460
17375	3475461
17376	3475462
17377	3475463
17378	3475464
17379	3475465
17380	3475466
17381	3475467
17382	3475468
17383	3475469
17384	3475470
17385	3475471
17386	3475472
17387	3475473
17388	3475474
17389	3475475
17390	3475476
17391	3475477
17392	3475478
17393	3475479
17394	3475480
17395	3475481
17396	3475482
17397	3475483
17398	3475484
17399	3475485
17400	3475486
17401	3475488
17402	
17403	3475491
17404	3475492
17405	3475493
17406	3475494
17407	3475495
17408	3475496
17409	3475497
17410	3475498
17411	3475499
17412	3475500
1936994	3475501
17413	3475502
17414	3475503
17415	3475504
17416	3475505
17417	3475506
17418	3475507
17419	3475508
17420	3475509
17421	3475510
17422	3475511
17423	3475512
17424	3475513
17425	
17426	3475514
17427	3475515
17428	3475516
17429	3475517
1936996	3475518
17431	3475519
17432	3475520
17433	3475521
17434	3475522
1936999	3475523
17437	3475524
17438	3475525
17439	3475526
17440	3475527
17441	3475528
17442	3475529
17443	3475530
17444	3475531
17445	3475532
1937003	3475533
17447	3475535
17448	3475536
17449	3475537
17450	3475538
17451	3475539
17452	3475540
1937004	3475541
17454	3475542
17455	
17456	3475543
17457	3475544
17458	
17459	3475546
17460	3475547
17461	3475549
17462	3475550
17463	3475551
17464	3475552
17465	3475553
17466	3475555
17467	3475556
17468	3475557
1937010	3475558
17470	3475559
17471	3475560
17472	3475561
17473	3475562
17474	3475563
17475	3475564
17476	3475565
17477	
1937013	
17479	3475569
1937014	3475570
17481	3475571
1937015	3475572
17483	3475573
17484	3475574
17485	3475575
1937016	3475576
17487	3475577
17488	3475578
17489	
17490	3475583
17491	3475584
17492	3475585
17493	3475586
17494	3475587
17495	3475588
17496	3475589
1937018	3475590
17498	3475591
1937020	3475592
17500	3475593
17501	3475594
1937021	
17502	3475596
17503	3475597
17504	
17505	
17506	
3446212	
17507	3475599
17508	3475600
17509	3475601
17510	3475602
17511	3475603
17512	3475604
17513	3475605
17514	3475606
17515	3475608
17516	3475609
17517	3475610
17518	3475611
17519	3475612
17520	3475614
1937025	3475615
17522	3475616
17523	3475617
17524	3475618
17525	3475619
17526	3475620
17527	3475621
17528	3475622
17529	3475623
17530	3475624
17531	
17532	3475626
17533	
17534	3475628
17535	
17536	3475630
17537	3475631
17538	
17539	3475633
17540	3475634
17541	3475635
17542	
1937029	
17544	
1937031	
17545	
17546	
1937033	3475640
17548	3475641
17549	
3446214	
17552	
17553	3475646
17554	3475647
17555	3475649
17556	3475650
17557	3475651
17558	3475652
17559	3475653
17560	3475654
17561	3475655
3446215	
17562	3475658
17563	3475659
17564	3475660
17565	
17566	
17567	3475663
17568	
17569	3475665
17570	3475666
17571	3475667
17572	
17573	3475669
17574	3475670
17575	3475671
17576	3475672
1937039	
17577	3475675
17578	3475676
17579	3475677
17580	3475678
17581	3475679
17582	3475680
17583	3475681
17584	3475682
17585	3475683
17586	3475684
17587	3475685
17588	3475686
17589	3475687
17590	3475688
1937043	
17592	
17593	
17594	
17595	
17596	
17597	
17598	
17599	
1937046	
1937047	
17600	3475694
17601	3475695
17602	3475696
17603	3475697
17604	3475698
17605	3475700
1937048	
17606	3475703
17607	3475704
17608	3475705
17609	3475706
17610	3475707
17611	3475708
1937052	3475709
17613	3475710
17614	3475711
17615	3475712
17616	
1937055	3475714
3446217	
17618	
17619	
3446219	
17620	3475717
17621	3475718
1937056	3475719
17622	3475720
17623	3475721
17624	3475722
17625	3475723
17626	3475724
17627	3475725
17628	3475726
17629	3475727
17630	3475728
1937059	3475729
17632	3475730
1937060	3475731
17634	3475733
17635	3475734
17636	3475735
17637	3475736
17638	3475737
1937061	3475738
17640	3475739
17641	3475740
17642	3475741
17643	3475742
17644	3475743
3446221	
3446223	
17645	3475744
17646	3475745
17647	3475746
17648	3475747
17649	3475749
1937064	3475750
17651	3475751
17652	3475752
17653	3475753
17654	
17655	3475756
1937065	
17657	
3446225	
3446227	
3446228	
3446230	
17658	3475758
17659	3475759
17660	3475761
17661	3475762
17662	3475763
1937066	3475764
17663	3475765
17664	3475770
17665	3475771
17666	3475772
17667	3475773
17668	3475774
17669	3475775
17670	3475776
17671	3475777
17672	3475778
17673	3475779
17674	3475780
17675	3475781
17676	3475782
17677	3475783
17678	3475784
17679	
17680	3475785
17681	3475786
17682	3475787
17683	3475788
17684	
17685	
17686	3475791
17687	3475792
17688	3475793
17689	
17690	
17691	
17692	3475795
17693	3475796
17694	3475797
17695	3475798
17696	3475799
17697	3475800
17698	3475801
17699	3475802
17700	3475803
17701	3475804
17702	3475805
17703	3475806
17704	3475807
17705	3475808
17706	
17707	3475811
17708	3475812
17709	3475813
17710	3475814
17711	3475815
17712	3475816
17713	3475817
17714	3475818
17715	3475819
17716	3475820
17717	3475821
17718	3475822
1937077	
3446232	
17719	3475825
17720	3475826
17721	3475827
1937078	3475828
17722	3475829
17723	3475830
17724	3475831
17725	3475832
17726	3475833
17727	3475834
17728	3475835
17729	3475836
17730	3475837
17731	3475838
17732	3475839
3446233	
3446235	
17733	3475840
17734	3475841
17735	3475842
17736	3475843
17737	
17738	
17739	
17740	
1937084	
1937086	
17743	3475848
17744	3475849
17745	3475851
17746	3475852
17747	3475853
17748	3475854
17749	
17750	3475856
1937093	3475857
1937094	3475858
17752	3475859
1937095	
1937096	3475861
17756	3475862
17757	3475863
1937098	3475865
17759	3475866
17760	3475867
17761	3475868
17762	3475869
17763	3475870
1937099	3475871
17765	3475872
17766	3475873
17767	3475874
17768	3475875
17769	3475876
17770	3475877
17771	3475878
17772	3475879
17773	3475880
17774	3475881
17775	3475882
17776	3475883
17777	
1937101	3475885
17779	
17780	3475887
17781	3475888
17782	3475889
17783	3475890
17784	3475892
17785	3475893
17786	3475894
17787	3475895
17788	3475896
17789	3475897
17790	3475898
17791	3475900
17792	3475901
17793	3475902
17794	3475903
17795	3475904
17796	3475905
17797	3475906
17798	3475907
17799	3475908
17800	3475909
17801	3475910
17802	3475911
17803	3475912
17804	3475913
1937104	3475914
17806	3475915
1937106	3475916
17808	3475917
17809	3475918
17810	3475919
17811	3475920
17812	3475921
17813	
17814	3475926
1937108	3475927
1937109	
1937110	
1937111	
1937112	
1937113	
1937114	
1937115	3475934
17817	3475935
17818	3475936
17819	3475937
7497369	
1937116	
17821	3475939
1937119	3475940
1937120	3475941
17824	3475942
17825	3475943
17826	3475944
17827	3475945
1937122	
1937123	3475947
1937124	3475948
17831	
17832	3475950
17834	
17835	3475954
17836	3475955
1937127	3475956
1937128	3475957
1937129	3475958
17840	3475959
1937130	3475960
17842	3475961
17843	3475962
1937131	3475963
17845	3475964
17846	3475965
1937132	3475967
1937133	
1937134	
1937135	
1937136	
1937137	3475972
17849	
1937138	
17850	3475976
17851	3475977
17852	3475978
1937139	3475979
17854	3475980
17855	3475981
1937140	3475986
17858	3475987
17859	3475988
17860	3475989
17861	3475990
17862	3475991
1937142	3475992
17864	3475994
17865	3475995
17866	
1937144	3475996
17868	3475997
17869	3475998
1937146	3475999
1937147	3476000
1937148	3476001
1937149	3476002
1937150	3476003
17875	3476004
17876	3476005
17877	3476006
1937151	3476007
17879	3476008
17880	3476009
1937152	3476010
17882	3476011
17883	3476012
17884	3476013
1937154	3476014
17886	3476015
1937155	3476016
17888	3476017
17889	3476018
17890	3476019
1937156	3476021
17892	3476022
17893	3476023
17894	3476024
1937158	3476025
17896	3476026
1937159	
1937160	
1937161	
1937162	
1937163	
17897	3476032
17898	3476033
17899	3476034
17900	3476035
17901	3476036
17902	3476038
17903	3476039
17904	3476041
1937165	
17905	3476043
1937167	
17906	3476045
17907	3476046
7497370	3476048
17908	3476049
17909	3476050
17910	3476051
1937169	3476052
17912	3476053
17913	3476054
17914	3476055
17915	
1937170	
17917	
17918	
17919	
17920	
17921	3476059
17922	
17923	3476057
17924	
17925	3476064
17926	3476065
17927	3476066
17928	3476067
17929	3476069
17930	3476070
17931	3476072
17932	3476073
17933	3476074
17934	3476075
17935	3476076
17936	3476077
17937	3476078
17938	3476079
17939	3476080
17940	3476081
17941	3476082
17942	3476083
1937180	3476084
17944	3476085
17945	3476087
17946	3476088
17947	3476089
17948	3476090
17949	3476092
17950	3476093
17951	3476094
17952	3476095
1937184	3476096
17954	3476097
17955	3476098
17956	3476100
17957	3476101
17958	3476102
17959	3476103
17960	3476104
17961	3476105
17962	3476106
17963	3476107
17964	3476108
17965	3476109
17966	3476110
17967	3476112
17968	3476113
17969	3476114
17970	3476115
17971	3476116
17972	3476117
17973	3476118
17974	3476119
17975	3476120
17976	3476122
17977	3476124
17978	3476125
17979	3476126
17980	3476127
17981	3476128
17982	3476129
17983	3476130
17984	3476132
17985	3476133
1937187	3476134
17988	3476135
17989	3476136
17990	3476137
17991	3476138
17992	3476139
17993	3476140
17994	3476141
17995	3476142
17996	3476143
17997	3476144
17998	3476145
17999	3476146
1937190	
18000	3476148
18001	3476149
18002	3476150
18003	3476151
18004	3476152
18005	3476153
18006	3476154
1937193	
1937194	
1937195	
1937196	
18007	3476159
18008	3476160
18009	3476161
1937197	
1937198	
1937199	
1937200	
18011	
18012	3476167
18013	3476168
18014	3476169
18015	3476170
18016	3476171
18017	3476172
18018	3476173
18019	3476174
18020	3476175
7497371	
18021	3476177
18022	3476178
1937202	3476179
18024	3476180
18025	3476181
18026	3476182
18027	3476183
1937204	3476184
18029	3476185
18030	3476186
18031	3476187
18032	3476188
18033	3476189
18034	3476190
18035	3476191
18036	3476192
18037	3476193
18038	3476194
1937207	
1937208	
1937209	
1937210	
18039	
18040	3476200
18041	3476201
18042	3476202
18043	3476203
18044	3476205
18045	
18046	3476207
18047	3476208
18048	3476209
18049	3476210
18050	3476211
18051	3476212
18052	3476216
18053	3476217
18054	3476218
18055	3476219
18056	3476220
18057	3476221
3446236	3476222
18058	3476223
18059	3476224
18060	3476225
18061	3476226
18062	3476227
18063	3476228
18064	3476229
18065	3476230
18066	
18067	3476232
18068	3476233
18069	3476234
18070	3476235
18071	3476236
18072	3476237
18073	3476238
18074	3476239
18075	3476240
18076	3476241
18077	3476243
18078	
18079	3476244
18080	3476245
18081	3476246
18082	3476247
3446237	3476248
18083	
18084	3476250
18085	3476251
18086	3476252
18087	3476253
18088	3476254
18089	3476255
18090	3476256
18091	3476257
1937218	
18092	3476259
18093	3476260
18094	
18095	3476263
18096	3476264
18097	3476266
18098	3476267
18099	3476268
18100	3476269
18101	3476270
18102	3476271
18103	3476272
18104	3476273
18105	3476274
18106	3476275
18107	3476276
18108	3476277
18109	3476278
18110	3476279
3446238	3476280
18111	3476281
18112	
18113	
18114	
18115	
18116	
18117	
18118	
1937223	
18120	3476285
18121	3476286
18122	3476287
18123	3476288
18124	3476289
1937224	3476290
18126	3476291
18127	3476292
18128	3476293
18129	3476294
18130	3476295
18132	
18133	
18134	3476298
18135	3476299
18136	
18137	
18138	3476302
18139	3476303
18140	3476304
18141	3476305
18142	3476306
18143	3476307
18144	3476308
18145	3476310
18146	3476311
18147	3476312
18148	3476313
18149	3476314
18150	3476315
18151	3476316
18152	3476317
18153	3476318
18154	3476319
18155	3476320
18156	
1937228	3476321
18157	3476322
18158	3476323
18159	3476324
18160	3476325
18161	3476326
3446240	
1937229	
18162	3476328
18163	3476329
18164	3476330
18165	3476331
18166	3476332
18168	3476333
18169	3476334
18170	3476335
18171	3476336
18172	3476337
18173	3476339
18174	3476340
18175	3476341
1937234	3476342
1937235	3476343
18176	3476344
18177	3476345
18178	3476346
18179	3476347
18180	3476348
18181	3476349
18182	3476350
18183	3476351
18184	3476352
18185	
18186	
18187	3476353
18188	3476354
18189	3476355
18190	3476356
1937241	
1937242	
1937243	
7497372	
18191	3476360
18192	3476361
18193	3476362
18194	3476363
18195	3476364
18196	3476365
18197	3476366
18198	3476367
18199	3476368
18200	
18201	3476370
18202	
18203	3476373
18204	3476374
18205	
18206	3476377
18207	3476378
18208	3476379
18209	3476380
18210	3476381
18211	3476382
18212	3476383
18213	3476384
18214	3476385
18215	3476386
18216	3476387
18217	3476388
18218	3476389
18219	3476390
18220	3476391
18221	3476392
18222	3476393
18223	3476394
18224	3476395
18225	
18226	3476397
18227	3476398
18228	3476399
18229	
18230	
18231	3476408
18232	3476409
18233	3476410
18234	3476415
18235	3476416
18236	3476417
18237	3476418
18238	3476419
18239	3476420
1937253	
18241	3476421
18242	3476422
18243	3476423
18244	3476425
18245	3476426
18246	3476427
18247	3476428
18249	3476429
18250	3476430
18251	3476431
18252	3476433
1937256	3476434
18255	3476435
18256	3476436
18257	3476437
18258	3476438
18259	3476439
18260	3476440
18261	
18262	3476442
18263	3476444
18264	3476445
18265	3476446
18266	3476447
18267	3476449
18268	3476451
18269	3476452
18270	3476453
18271	3476454
18273	3476456
18274	3476457
18276	3476458
18277	3476459
18278	
18279	3476462
18280	3476463
1937264	3476464
1937265	3476465
18283	3476466
18284	3476467
18285	3476468
18286	3476469
18287	3476470
18288	3476471
18289	3476472
18290	3476473
18291	3476474
18292	3476475
18293	3476476
18294	3476477
1937268	
18295	
18296	
18297	
1937269	
18301	
18302	
18303	
18304	
3446241	
18305	
18306	
3446243	
18308	
1937276	
18310	
18311	
18312	
18313	
18314	
18315	
18316	
18317	
18318	3474119
1937279	
18319	
18320	
18321	
18322	
18323	
18324	
18325	
18326	
3446244	
18327	
18328	
1937284	
18329	
3446246	
18330	
18331	
1937286	
3446248	
18332	
18333	3476486
18334	3476487
18335	3476488
18336	3476490
18337	3476491
18338	3476492
18339	3476493
18340	3476494
18341	3476495
18342	3476496
18343	3476497
18344	3476498
18345	3476499
18346	3476500
18347	3476501
18348	3476503
18349	3476504
18350	3476506
18351	3476507
18352	3476508
18353	3476509
18354	3476510
18355	3476511
18356	3476512
18357	3476513
18358	3476514
18359	3476515
18360	3476516
18361	3476517
18363	
18364	3476520
18365	3476521
18366	
1937299	
18369	
18370	
18371	
3446249	
18372	
18373	
18374	
18375	
18376	3476523
18377	3476524
18378	3476525
18379	3476537
18380	3476538
1937304	3476539
18382	3476541
18383	3476542
18384	3476543
18385	3476544
18386	3476545
18387	3476546
18388	3476547
18389	3476549
18390	3476550
18391	3476551
1937310	3476552
1937311	
1937312	
1937313	
18392	3476556
18393	3476557
18394	3476558
18395	3476559
18396	3476560
18397	3476561
1937314	3476562
18398	3476563
1937315	3476564
18400	3476565
18401	3476566
18402	3476567
18403	3476568
18404	3476569
18405	3476570
18406	
18407	3476572
18408	3476573
18409	3476574
18410	3476575
18411	3476576
18412	3476578
18413	3476579
18414	3476580
18415	3476581
18416	3476582
18417	3476583
18418	3476584
18419	3476585
18420	3476586
18421	3476587
18422	3476588
18423	3476589
18424	3476590
