14146	0
14147	1
14148	0
14149	0
14150	1
14151	3
14152	2
14153	0
14154	0
14155	0
14156	1
14158	1
14159	0
14160	2
14161	7
14163	3
1936200	0
1936201	0
14164	2
14165	1
14166	0
14167	0
14168	0
14169	1
14170	0
14171	1
14172	1
14173	0
14174	0
14175	0
14176	0
14177	0
14178	2
14180	0
14181	2
14182	1
14183	3
14184	0
14185	0
14186	0
14187	0
14188	1
14189	0
14190	0
14191	0
14192	0
14193	0
14194	0
14195	0
14196	0
14197	0
14198	2
14199	0
14200	0
14201	0
3446137	0
14204	0
14205	1
14206	0
14207	0
14208	1
14209	3
14210	0
14211	1
14212	2
14213	3
14214	0
14215	2
1936206	0
7497338	0
1936207	1
14217	1
14218	0
14219	0
14220	1
14221	0
14222	0
1936210	2
14224	1
14226	0
14227	0
14228	0
14229	0
14230	0
14231	1
14232	1
14233	0
14234	0
14235	0
14236	0
14237	1
14238	0
14239	0
14240	0
14241	0
14242	0
14243	0
14244	1
14245	0
14247	0
14248	0
14249	0
14250	0
14252	2
14253	1
14254	1
14255	1
14256	0
14257	0
14258	0
14259	0
14260	0
14261	0
14262	0
14263	11
14264	0
14265	0
14266	1
14267	0
14268	0
14269	3
14270	1
14271	0
14272	0
14273	0
14274	0
14275	0
14276	3
14277	0
14278	4
14279	0
14280	6
14281	143
14282	31
14283	6
14284	0
14285	2
14286	4
14287	14
14288	4
14289	1
14290	0
14291	0
14292	0
14293	0
14294	5
14295	0
14296	165
14297	0
14298	0
14299	2
14300	1
14301	1
14302	0
14303	0
14304	0
14305	1
14306	1
14307	0
14308	0
14309	1
14310	0
14312	1
14313	2
14314	0
1936221	0
14315	1
14316	0
14317	0
14318	0
14319	0
14320	0
14321	0
14322	1
14323	0
14324	0
14325	0
14326	0
14327	0
14328	0
14329	0
14330	0
14331	0
14332	0
14333	1
14334	8
14335	0
1936225	0
14336	1
14337	0
14338	1
14339	2
14340	2
14341	0
14342	0
14343	1
14344	0
14345	0
14346	1
1936227	0
1936228	0
1936229	0
1936230	0
1936231	0
1936232	0
14347	1
14348	1
14349	0
14350	5
14351	0
14352	0
14353	2
14354	1
14355	0
1936234	0
14356	5
3446138	4
14357	0
1936235	0
14358	6
14359	0
14360	0
14361	0
14362	0
14363	0
14364	2
14365	0
14366	1
14367	0
14368	8
14369	0
14370	1
14371	0
14372	0
14373	5
14374	0
14375	2
14376	0
14377	0
14378	1
14379	0
14380	1
14381	0
14382	0
1936238	0
3446140	0
14383	0
14384	0
1936239	0
14385	0
14386	0
14387	0
14388	0
14389	0
3446142	0
3446144	0
14390	0
14391	0
14392	0
3446146	0
14394	0
7497339	0
14396	0
14397	0
14398	0
14399	0
14400	0
14401	0
14402	0
14403	0
1936246	0
14404	0
14405	0
14406	0
14407	0
14408	0
14409	0
14410	0
14411	0
7497340	0
14412	0
14413	0
14414	0
14415	0
14416	0
14417	0
14418	0
14419	0
3446148	0
7497341	0
7497342	0
14421	0
14422	0
14423	0
14424	0
14425	0
14426	0
14427	0
14428	0
14429	0
14430	0
14431	0
14432	1
14433	1
1936249	0
14434	0
7497343	1
3446150	2
14435	0
14436	0
14437	0
14438	1
3446152	0
14439	0
14441	0
14442	4
14443	1
14444	2
14445	2
14446	0
14448	1
14449	2
14450	0
14451	2
14452	0
14453	15
14454	1
14455	1
14456	0
14457	2
14458	4
14459	0
14461	4
14462	3
14463	0
14464	0
14465	3
14466	0
14467	0
14468	5
14469	0
14471	0
14472	0
14473	3
14474	1
14475	0
14476	6
14477	0
14478	0
14479	5
14480	0
14481	0
14482	2
14483	0
14484	1
14485	3
14486	1
14487	0
14488	1
14489	0
14490	1
14491	0
14492	0
14493	3
14494	3
14495	0
14496	1
1936264	0
14498	0
14499	0
14501	0
14502	1
14503	2
14504	1
14505	3
14506	1
14507	1
1936269	0
14510	0
14511	0
14513	0
14514	0
14515	2
14516	1
14517	2
14518	0
14519	0
14520	0
14521	2
14522	1
14523	0
14524	0
14525	0
14526	0
14527	0
14528	0
14529	1
14530	4
14531	0
14532	2
14534	5
14535	6
14536	0
14537	0
14538	0
14539	0
14540	0
14541	3
14542	1
14543	0
14544	0
14545	0
14546	0
14547	0
14548	0
14549	2
14550	3
14551	0
14552	4
14553	0
14554	0
14555	1
14556	0
14557	2
14558	1
14559	0
14560	0
14561	1
14562	0
14563	1
14564	0
14565	4
14566	0
14567	0
14568	0
14569	0
14570	1
14571	2
14572	0
14573	0
14574	0
14575	0
14576	0
14577	0
14578	0
14579	0
14580	0
14581	0
14582	0
14583	2
14584	1
14585	0
14586	0
14587	0
14588	0
14589	0
14590	0
14591	0
14592	0
1936286	0
14593	1
14594	1
14595	0
14596	0
14597	0
14598	0
14599	1
14600	0
14601	0
14602	0
14603	1
14604	1
14605	0
14606	0
14607	1
14608	0
14609	0
14610	0
14611	0
14612	2
14613	1
14614	0
14615	0
14616	0
14617	1
14618	0
3446153	0
14619	2
14620	0
14621	5
14622	3
14623	0
14624	0
14625	0
14626	0
14627	1
14628	0
14629	0
14630	0
14631	0
14632	0
14633	1
14634	0
14635	0
14636	0
14637	0
3446155	0
5752725	0
14640	4
14641	0
14642	0
14643	0
14644	2
14645	1
14646	0
14648	0
14649	2
14650	0
14651	3
14652	1
14653	3
14654	1
14655	2
1936295	0
14657	1
14658	2
14659	3
14660	0
14661	0
14662	0
14663	0
14664	0
14665	2
14666	1
14667	0
14668	2
14669	4
14670	3
14671	1
14672	0
1936299	0
14673	0
3446157	0
14675	0
14674	0
14678	0
14676	0
14677	0
14679	0
14680	0
14681	0
14682	0
3446158	0
14683	0
14684	0
14685	0
14686	0
1936302	0
14687	0
14689	0
14688	0
14690	0
14691	0
14692	0
1936303	0
14693	0
14694	0
14695	0
3446159	0
14696	0
3446161	0
14697	0
14698	0
14699	0
14700	0
14701	0
3446163	0
14702	3
14703	0
14704	0
14705	0
14706	3
14707	0
14708	1
14709	0
14710	0
14711	0
14712	0
14713	0
14714	2
14715	0
14716	1
14717	1
10279116	0
1936307	0
14718	0
14719	3
14720	1
14721	1
1936308	0
14722	2
14723	0
14724	0
14725	0
14726	0
14727	0
14728	0
14729	0
14730	0
14731	0
14732	0
14733	0
14734	0
1936309	0
14736	0
14737	0
14738	0
14739	2
14740	0
14741	0
14742	0
14743	0
14744	0
14745	2
14747	0
14748	1
14749	0
14750	0
14751	0
14752	2
14753	0
14754	0
14755	0
14756	1
14757	0
14758	0
14759	0
14760	0
14761	1
1936314	0
14764	0
14765	0
14766	0
14767	1
14768	0
14769	5
14770	0
14771	0
14772	0
14773	0
14774	0
14775	3
14776	0
14777	0
14778	0
14779	0
14780	1
14781	0
14782	0
14783	0
14784	0
14785	0
14786	0
14787	0
14788	2
14789	0
14790	0
14791	0
14792	3
14793	0
14794	1
14795	0
14796	0
14797	0
14798	2
14799	0
1936319	0
1936320	0
1936321	0
1936322	0
1936323	0
1936324	0
1936325	0
14804	1
14805	0
14806	0
14807	2
14808	0
14809	1
14810	0
14811	0
14812	0
14813	0
3446164	0
14814	0
14815	0
14816	1
14817	0
14818	0
14819	1
14821	0
3446166	0
14823	31
14824	0
3446167	0
14826	0
14827	3
14828	1
14829	1
14830	0
1936329	0
14832	0
14833	20
14834	0
14835	0
14836	0
1936330	0
14837	0
14838	0
14839	0
14840	0
14841	0
14842	0
14843	0
14844	0
14845	2
14846	2
14847	0
14848	4
14849	19
14850	20
14851	47
14852	8
14853	0
14854	0
14855	0
14856	1
14858	0
14859	0
14860	0
14861	0
14862	0
14863	1
14864	24
14865	0
14866	0
1936336	0
14867	0
14868	0
14869	0
14870	0
14871	0
14872	0
14873	0
14874	0
1936337	0
1936338	0
1936339	0
1936340	0
1936341	0
1936342	0
1936343	0
14875	1
14876	0
14877	0
14878	0
14879	0
14880	0
14881	0
14882	0
14883	0
14884	0
14885	1
14886	0
14887	0
14888	0
14889	0
14890	0
14891	0
14892	0
14893	0
14894	1
14895	0
14896	2
14897	0
14898	0
14899	0
14900	0
14901	6
14902	0
14903	1
3446168	0
14904	0
14905	0
14906	1
14907	0
14908	0
14909	0
14910	0
14911	0
14912	0
14913	2
14914	1
14915	1
14916	0
14917	0
14918	0
14919	0
14920	0
14921	0
14922	0
14923	0
14924	0
14925	0
14926	0
14927	0
14928	1
14929	0
14930	1
14931	0
14932	0
14933	0
14934	0
14935	0
14936	0
14937	0
14938	0
14939	0
14940	0
14941	0
1936353	0
14942	0
14943	0
14944	0
14945	0
14946	1
14947	2
14948	3
14949	0
14950	0
14951	0
14952	4
14953	1
14954	4
14955	2
14956	0
14957	0
14958	2
14959	0
14960	0
14961	0
14962	1
14963	1
14964	0
14965	0
14966	0
14967	1
14968	0
14969	1
14970	0
14971	3
1936357	0
14972	0
14973	0
14974	2
14975	0
14976	1
14977	0
14978	0
14979	1
14980	0
14981	2
14982	0
14983	0
14984	6
14985	1
14986	1
14987	0
14988	0
14989	0
14990	0
14991	0
14992	0
14993	0
14994	2
14995	2
14996	1
14997	1
14998	0
14999	0
15000	0
15001	0
15002	0
15003	0
15004	1
15005	0
15006	0
15007	0
1936364	0
15008	0
15009	0
15010	2
15011	2
15012	0
15013	0
15014	1
15015	0
15016	0
15017	0
15018	0
15019	0
15020	0
15021	0
15022	0
15023	0
15024	0
15025	0
15026	0
15027	0
15028	0
15029	0
15030	0
15031	1
15032	1
15033	1
15034	0
15035	0
15036	0
15037	0
15038	0
15039	1
15040	0
15041	0
15042	0
15043	0
15044	0
15045	0
15046	0
15047	0
15048	0
15049	0
15050	0
15051	1
15052	0
15053	4
15054	3
15055	0
15056	0
15057	0
15058	0
15059	0
15060	1
15061	0
15062	2
15063	1
15064	7
15065	0
15066	0
15067	0
15068	0
15069	0
15070	0
15071	0
15072	0
15073	0
15074	0
15075	0
15076	0
15077	1
15078	0
15079	0
15080	0
15081	0
15082	0
15083	0
15084	0
15085	0
15086	0
15087	0
15088	1
15089	0
15090	0
15091	0
15092	0
15093	0
15094	0
1936382	0
15095	0
15096	0
15097	0
15098	0
15099	0
15100	0
15101	0
15102	0
3446169	0
15104	0
15105	1
15106	0
15107	1
15108	5
15109	0
15110	0
15111	0
1936385	0
15112	0
15113	0
15114	0
15115	0
1936386	0
15116	1
15117	0
15118	0
15119	0
15120	0
15121	0
15122	0
15123	0
15124	0
15125	2
15126	1
15127	0
15128	0
15129	0
15130	0
15131	1
15132	2
15133	2
15134	0
15135	1
15136	3
15137	1
15138	5
15139	2
1936393	0
15141	0
15142	0
15143	0
15144	0
15145	0
15146	1
15147	1
15148	1
15149	1
15150	0
15151	0
15152	1
1936397	1
15155	1
15156	0
15157	1
15158	0
15159	0
15160	1
15161	0
15162	0
15163	0
15164	0
15165	0
15166	0
15167	0
15168	0
15169	1
15170	0
15171	0
15172	0
15173	0
15175	0
15176	0
15177	1
15178	1
15179	1
15180	0
15181	2
15182	1
15183	0
15184	0
15185	0
15186	0
15187	2
15188	0
15189	0
15190	3
15191	0
15192	1
15193	0
15194	2
15195	0
15196	0
15197	1
15198	5
15199	2
15200	1
15201	0
15202	1
15203	0
15204	4
15205	1
15206	0
15207	0
15208	0
15209	4
1936407	0
15210	1
15211	0
15212	0
15213	1
15214	0
15215	0
15216	0
15217	0
15218	2
15219	0
15220	0
15221	1
15222	1
15223	0
15224	2
15225	0
15226	1
15227	0
15228	1
15229	2
15230	0
15231	0
15232	0
15233	0
15234	0
15235	0
15236	0
15237	2
15238	2
15239	0
15240	0
15241	0
15242	0
15243	0
15244	0
15245	1
15246	0
15247	0
15248	0
15249	0
15250	1
15251	0
15252	0
15253	0
15254	0
15255	0
15256	0
15257	0
15258	2
15259	0
15260	0
15261	0
15262	0
15263	0
15265	0
15266	0
15267	0
15268	0
15269	0
15270	0
7497344	0
7497345	0
15272	0
15273	0
15274	0
15275	0
15276	0
15277	0
15278	0
5752726	0
15280	0
15281	0
1936422	0
15282	0
15283	0
15284	0
15285	0
15286	4
15287	0
15288	0
15289	0
15290	0
1936424	0
1936425	0
15293	0
15294	0
3446170	0
3446171	0
1936428	0
15296	0
15297	0
15298	0
15299	1
15300	2
15301	0
15302	0
15303	0
15304	7
15305	0
15306	1
15307	0
15308	0
15309	0
15310	0
15311	0
15312	0
15313	0
15314	0
15315	0
15316	0
15317	0
15318	0
15319	0
15320	2
15321	0
15322	0
15323	1
15324	0
15325	0
15326	0
15327	0
15328	0
15329	0
15330	1
15331	0
15332	1
15333	0
15334	0
15335	0
15336	0
15337	0
1936439	2
1936440	0
1936441	0
1936442	0
1936443	0
1936444	0
15338	2
15339	0
15340	1
15341	0
15342	1
15343	0
15344	0
15345	0
15346	0
15347	2
15348	0
15349	0
1936445	0
15351	1
1936446	2
1936447	0
15352	1
15353	1
15354	0
15355	0
15356	0
15357	0
15358	0
1936448	0
15361	0
15362	0
15363	1
15364	0
15365	0
1936449	1
15367	0
15368	2
15369	0
3446172	0
15370	0
15371	1
15372	1
15373	0
15374	0
15375	0
15376	0
15377	0
15378	0
15379	0
15380	0
15381	0
15382	0
15383	0
15384	5
15385	1
15386	1
15387	0
15388	6
15389	0
15390	0
15391	2
15392	0
15393	0
15394	0
15395	0
1936456	0
1936457	3
15396	0
15397	0
15398	0
15399	0
15400	0
15401	0
15402	0
15403	0
15404	0
3446173	0
15405	2
7497346	0
15406	1
15407	12
15408	0
15409	0
15410	0
15411	0
15412	0
15413	0
15414	0
15415	2
15416	1
15417	2
15418	0
15419	0
15420	0
15421	0
15422	2
15423	1
15424	0
15425	0
15426	0
15427	0
15428	0
15429	2
15430	0
15431	1
15432	0
15433	0
15434	0
15435	0
15436	0
15437	0
1936466	0
15439	0
15440	0
15441	0
15442	0
15443	0
15444	0
15445	0
15446	0
1936468	0
7497347	0
15447	0
15448	0
15449	0
15450	0
15451	0
15452	0
15453	0
15454	0
15455	1
15456	1
15457	0
15458	2
15459	1
1936472	0
15460	0
15461	0
15462	0
10279117	0
15463	0
15464	0
15465	0
15466	0
15467	0
15468	0
15469	0
15470	0
15471	0
1936475	0
15473	0
15474	0
15476	0
15477	0
15478	0
15479	0
15480	0
15481	0
15482	0
15483	0
15484	0
1936482	0
15485	0
15487	0
15488	0
15490	0
1936483	0
15492	0
15494	0
15495	0
15496	0
15497	0
3446175	0
15498	0
15499	0
1936487	0
15500	3
1936488	0
15501	0
15502	3
15503	2
15504	0
15505	2
15506	3
15507	0
15508	1
15509	3
15510	0
15511	0
15512	1
15513	0
15514	0
15515	0
15516	0
15517	1
15518	0
15519	0
15520	0
15521	0
15522	0
7497348	4
1936492	0
15524	0
15525	0
15526	0
15528	0
15529	6
15530	1
15531	0
15532	1
15533	6
15534	0
15535	2
15536	0
15537	3
1936496	0
15539	0
3446176	1
15540	0
1936500	2
15541	1
1936501	0
15542	3
15543	1
15544	2
15545	1
15547	0
15548	0
15549	1
15550	0
15551	2
15552	0
1936505	0
15553	1
15554	0
15555	0
15556	0
15557	0
15558	0
15559	0
15560	1
15561	1
15562	3
15563	0
15564	0
15565	1
3446177	0
15566	0
15567	0
15568	0
15569	2
15570	2
15571	0
15572	2
15573	4
15574	0
15575	3
15576	8
15577	0
15578	0
15580	0
15581	7
15582	0
15583	2
15584	1
15585	6
15586	0
15587	0
15588	3
15589	3
15590	0
15591	0
15592	0
15593	0
15594	2
15595	0
15596	0
15597	0
15598	0
15599	0
15600	0
15601	0
15602	0
15603	0
15604	0
15605	1
15606	1
15607	1
15608	2
15609	1
15610	0
15611	0
15612	1
15613	0
15614	1
15615	5
15616	4
15617	0
15618	0
15619	1
15620	2
5752727	0
15622	1
15623	0
15624	0
15625	0
15626	0
15627	0
15628	0
15629	0
7497349	0
15632	2
15633	1
15634	3
15635	0
15636	0
15637	2
15638	1
15639	0
15640	1
15641	1
1936527	1
15643	0
15644	1
15645	0
15646	1
15647	1
15648	4
15649	0
15650	0
15651	0
15652	0
15653	8
15654	0
15655	0
3446178	0
10279118	0
15656	0
15658	1
15659	4
15660	1
15661	1
15662	0
15663	0
15664	4
3446180	1
15666	0
15667	1
15668	6
15669	0
15670	0
1936532	0
15671	0
15672	7
15673	10
15674	2
15675	7
7497350	5
15676	11
15677	7
15678	4
15679	0
15680	0
15681	0
15682	4
15683	0
15684	0
15685	0
15686	0
15687	0
15688	0
15689	0
15690	0
15691	0
15692	0
15693	0
15694	1
15695	0
1936540	0
15696	0
15697	0
15698	0
15699	0
15700	0
15701	0
15702	0
15703	0
15704	0
15705	0
15706	0
15707	0
15708	5
15709	1
15710	0
15711	0
15712	0
15713	1
15714	0
15715	0
15716	0
15717	0
15718	0
3446181	2
15719	1
15720	0
15721	0
15722	1
15723	0
15724	0
15725	1
15726	0
15727	0
15728	0
15729	0
15730	1
15731	1
15732	2
15733	0
15734	0
15735	4
15736	0
15737	0
15738	1
15739	0
15740	1
15741	0
15742	0
15743	0
15744	0
15745	1
1936552	1
15746	0
15747	0
15748	0
15749	0
15750	3
15751	0
15752	1
15753	0
15754	0
15755	0
15756	0
15757	0
15758	0
15759	0
15760	0
15761	1
1936555	0
15763	0
15764	0
15765	0
15766	0
15767	0
1936558	0
15769	0
15770	0
15771	0
15772	0
15773	0
15774	1
15775	0
15776	0
15777	0
15778	0
3446182	0
15779	0
15780	0
1936561	0
15782	0
15783	0
1936562	1
15785	1
1936563	0
1936564	0
15786	0
15787	1
15788	6
15789	2
15790	2
15791	1
15792	2
15793	0
15794	0
15795	0
15796	0
15797	0
15798	0
15799	2
15800	7
15801	1
15802	0
15803	0
1936567	0
15804	0
15805	0
15806	2
15807	0
1936568	0
15808	1
15809	2
15810	0
15811	0
15812	0
15813	10
15814	0
15815	5
15816	0
15817	0
15818	0
15819	0
15820	2
15821	0
15822	0
15823	0
15824	0
15825	1
15826	0
15827	1
15828	1
15829	0
15830	0
15831	0
15832	0
15833	0
15834	0
15835	0
15836	0
15837	0
15838	2
1936574	0
1936577	0
15840	1
15841	0
15842	0
15843	0
15844	0
15845	0
15846	0
15847	0
15848	0
15849	0
1936580	2
15851	0
15852	2
15853	0
15854	0
15855	0
15856	0
15857	0
15858	0
15859	0
15860	0
15861	0
15862	0
15863	1
15864	6
15865	0
15866	0
15867	0
15868	0
15869	0
15870	0
15871	0
15872	0
15873	1
15874	0
15875	3
15876	7
15877	3
15878	1
15879	0
15880	0
15881	0
15882	0
15883	0
15884	1
15885	0
15886	0
15887	1
15888	2
15889	2
15890	1
15891	0
15892	4
15893	1
15894	1
15895	2
15896	0
15897	0
15898	0
15899	1
15900	0
15901	0
15902	1
15903	1
15904	0
15905	0
15906	0
15907	0
15908	1
15909	0
15910	0
15911	0
15912	0
7497351	0
7497352	0
15913	0
15914	0
15915	0
15916	0
15917	0
15918	0
15919	1
15920	0
15921	1
15922	1
15923	0
15924	0
15925	0
15926	0
15927	0
15928	1
15929	0
15930	8
15931	1
15932	0
15933	0
15934	0
15935	0
15936	0
15937	0
15938	0
15939	0
15940	0
15941	0
15942	0
15943	1
15944	0
1936602	0
15945	0
15946	0
15947	0
15948	0
1936604	0
15950	0
15951	0
15952	0
15953	3
15954	0
15955	0
15956	1
1936611	0
1936612	0
15957	0
15958	0
15959	1
15960	0
15961	0
15962	1
15963	2
15964	5
15965	2
15966	0
15967	2
15968	0
15969	0
15970	0
15971	0
15972	0
15973	0
15974	0
15975	0
15976	1
15977	0
15978	1
15979	0
7497353	2
15980	2
15981	0
15982	1
15983	0
15984	0
15985	0
15986	0
15987	0
15988	1
15989	0
15990	3
15991	3
1936619	1
15993	0
15994	0
15995	2
15996	0
15997	2
15998	0
15999	0
16000	0
16001	1
16002	0
16003	0
16004	0
16005	0
16006	0
16007	0
16008	0
16009	0
16010	0
16011	0
16012	0
16013	1
16014	1
16015	0
1936623	0
16017	0
16018	0
16019	0
16020	0
7497354	1
16021	0
16022	0
16023	0
16024	1
16025	0
1936626	0
1936627	0
1936628	0
16026	0
16027	0
16028	0
16029	1
16030	3
16031	2
16032	0
16033	1
16034	1
16035	8
16036	1
16037	23
16038	94
16039	0
16040	0
16041	1
16042	0
16043	0
16044	0
1936633	5
16046	0
1936634	0
16050	0
16051	2
16052	0
16053	0
16054	2
16055	0
16056	0
16057	7
16058	0
16059	1
16060	1
16061	0
16062	1
16063	0
16064	0
16065	4
16066	0
16067	0
1936638	0
16068	18
16069	24
16070	3
16071	3
16072	0
16073	0
16074	2
16075	0
16076	41
3446183	0
1936641	0
16080	0
16081	3
16082	0
16083	0
16084	3
16085	0
16086	0
16087	0
1936644	0
16088	1
1936646	0
16089	92
1936648	0
16092	0
16093	1
16094	0
1936649	0
16095	2
1936650	0
16096	3
16097	1
1936651	0
16098	2
16099	8
16100	1
16101	1
3446185	1
16102	0
3446187	0
3446189	1
1936652	0
16104	0
1936653	0
16107	0
1936655	0
1936656	33
16109	0
16110	0
16111	0
16112	21
16113	17
16114	0
3446191	0
1936658	0
16115	0
16116	1
16117	5
16118	3
16119	3
16120	0
16121	1
16122	0
7497355	0
16123	0
16124	0
1936663	0
16125	0
16126	0
16127	0
16128	2
16129	1
16130	2
16131	1
16132	1
16133	1
16134	10
16135	75
16136	54
16137	25
1936668	0
16139	0
16140	0
16141	0
16142	0
16143	0
16144	0
16145	0
16146	0
16147	0
16148	0
16149	0
16150	0
16151	0
16152	0
16153	0
16154	0
16155	6
16156	0
16157	0
16158	0
16159	0
16160	0
16161	0
16162	0
16163	0
16164	0
16165	0
16166	0
16167	0
16168	323
16169	90
16170	82
16171	58
16172	10
16173	0
16174	0
16175	64
16176	0
16177	2
16178	0
16179	0
16180	0
16181	0
1936676	0
7497356	0
1936677	0
7497357	0
16182	0
16183	1
16184	1
16185	0
16186	0
16187	0
16188	0
16189	18
1936680	0
16190	0
16191	0
16193	0
16194	1
1936682	0
16196	0
16197	0
16198	1
16199	0
16200	0
16201	0
16202	1
16203	0
16204	0
16205	0
16206	2
16207	1
16208	0
16209	2
16210	0
16211	0
16212	0
16213	1
16214	0
16215	0
16216	1
16217	0
16218	0
16219	0
16220	0
16221	3
1936690	0
16225	5
1936691	0
16227	1
16228	1
16229	2
16230	0
16231	0
16232	3
16233	0
16234	0
16235	0
1936696	0
16236	0
16237	1
16238	2
16239	1
16240	0
16241	2
16242	0
16243	0
16244	0
16245	4
16248	0
7497358	0
16249	0
16250	0
16251	0
16252	0
16253	0
16254	0
16255	1
16256	0
16257	0
16258	0
16259	1
16260	0
16261	5
16262	0
16263	0
16264	0
16265	0
16266	0
16267	0
16268	1
16269	0
16270	3
16271	2
16272	1
16273	15
16274	4
16275	3
16276	4
16277	0
16278	1
16279	1
1936704	2
16280	0
16281	1
16282	0
16283	1
16284	0
16285	0
16286	1
16287	0
16288	0
16289	1
16290	0
16291	0
16292	0
16293	1
16294	0
16295	0
16296	0
16297	0
1936708	0
16298	0
16300	0
16301	1
16302	3
16303	0
16304	1
16305	0
16306	0
16307	0
16308	0
16309	0
16310	0
16311	0
16312	0
16313	0
16314	0
16315	0
16316	1
3446192	1
16317	0
16318	3
16319	0
16320	3
16321	5
16322	0
16323	17
1936711	0
16324	5
16325	0
16326	1
16327	0
16328	0
16329	0
16330	0
16331	0
16332	0
16333	0
16334	3
1936712	0
16336	2
16337	3
16338	1
16339	0
16340	1
3446193	0
16341	0
16342	0
16343	0
16344	0
16345	0
16346	0
16347	0
16348	0
16349	4
16350	2
16351	1
1936717	0
16352	0
16353	0
16354	0
16355	0
16356	0
16357	4
16358	0
16359	2
16360	0
16361	0
16362	2
16363	0
16364	0
1936721	0
16365	2
16366	0
16367	1
16368	0
16369	0
16370	1
16371	0
16372	0
16373	0
16374	0
16375	0
16376	22
16377	0
16378	0
16379	0
16380	0
16381	0
16382	0
16383	1
16384	0
16385	0
16386	0
16387	0
16388	0
16389	0
16390	1
16391	1
16392	0
16393	0
16394	0
16395	0
16396	1
16397	0
16398	0
16399	0
16400	0
16401	0
16402	0
16403	0
16404	0
16405	0
16406	0
16407	0
16408	1
16409	0
16410	0
16411	0
16412	4
16413	1
16414	0
16415	0
16416	0
16417	0
16418	0
16419	1
16420	0
16421	0
16422	0
16423	0
16424	0
16425	0
16426	0
16427	3
16428	0
16429	0
16430	0
16431	1
16432	0
16433	0
16434	0
16435	0
16436	0
16437	0
16438	0
16439	38
16440	49
16441	38
16442	45
16443	33
3446195	0
16445	4
16446	0
16447	4
16448	4
16449	0
16450	1
16451	3
16452	0
16453	0
1936740	0
16454	0
16455	0
16456	0
16457	0
16458	0
16459	0
16460	0
16461	0
16462	0
16463	0
16464	0
16465	0
16466	0
16467	0
16468	0
1936745	0
1936746	0
3446197	0
16469	0
16470	0
16471	0
16472	0
16473	0
16474	0
16475	1
16476	0
16477	0
16478	0
16479	0
16480	0
16481	7
16482	0
16483	0
7497359	0
16484	0
16485	0
16486	0
16487	0
16488	0
16489	0
16490	0
16491	0
16492	0
16493	1
16494	0
16495	9
16497	1
16498	0
16499	9
16500	3
1936751	0
1936752	0
16501	0
16502	0
16503	0
1936754	0
1936755	0
1936756	0
1936757	0
16504	1
16505	0
16506	0
16507	0
16508	0
16509	0
1936758	0
16510	1
16511	1
16512	0
16513	0
16514	0
16515	1
16516	0
16517	0
16518	0
16519	0
16520	2
16521	0
1936759	0
16523	2
16524	1
16525	0
16526	5
16527	0
16528	0
16529	1
16530	2
16531	0
16532	0
16533	1
16534	1
16535	0
16536	1
16537	0
16538	2
16539	0
16540	1
16541	0
16542	0
16543	0
16544	0
16545	0
16546	0
16547	0
16548	0
16549	0
16550	8
16551	0
16552	1
16553	1
16554	3
16555	0
16556	0
16557	0
16558	0
16559	0
16560	1
16561	0
16562	0
16563	0
16564	1
16565	0
16566	0
16567	0
16568	0
16569	1
3446198	1
16570	1
16571	0
1936770	0
16572	1
16573	12
16574	0
16575	1
16576	0
16577	0
16578	0
16579	0
16580	5
16581	12
16582	1
16583	11
16584	0
16585	0
16586	1
16587	2
16588	1
16589	0
16590	1
16591	0
16592	0
16593	0
16594	1
16595	0
16596	0
16597	0
16598	0
16599	0
16600	0
16601	1
16602	4
16603	0
16604	0
16605	0
16606	0
16607	0
16608	1
16609	2
16610	0
16611	0
16612	0
16613	0
16614	1
16615	1
16616	1
16617	0
16618	0
16619	2
16620	0
1936782	0
16621	0
16622	0
16623	0
16624	0
16625	0
16626	0
16627	0
16628	0
1936785	0
16630	5
16631	1
16632	0
16633	1
16634	6
16635	1
16636	0
16637	0
16638	0
16639	0
16640	0
16641	0
16642	0
16643	0
16644	0
16645	1
16646	0
16647	2
16648	5
16649	0
16650	2
16651	0
16652	0
16653	0
16654	0
16655	4
1936793	0
1936794	4
16657	0
16658	0
16659	0
16660	0
16661	2
7497360	1
3446200	0
16662	1
16663	0
16664	0
16665	0
16666	0
16667	0
16668	0
16669	0
16670	0
16671	1
16672	0
16673	0
16674	0
16675	0
16676	0
16677	0
16678	0
16679	0
16680	1
16681	0
16682	0
16683	0
16684	0
16685	1
16686	1
1936801	3
1936802	0
1936803	4
1936804	0
16687	0
3446201	0
16688	5
16689	0
16690	0
16692	0
16693	1
16694	0
16695	0
16696	1
16697	0
16698	0
16699	1
16700	0
16701	0
16702	0
16703	0
16704	0
16705	0
16706	0
1936808	0
16708	0
16709	0
1936809	0
16711	0
16712	0
16713	0
16714	0
1936812	0
16715	0
16716	0
16717	0
16718	0
16719	0
16720	0
16721	0
16722	0
16723	0
16724	0
1936814	0
16726	0
16727	0
1936815	0
16728	0
16729	0
16730	0
16732	0
16733	0
3446203	0
16734	0
16735	0
1936820	0
16736	0
16737	0
3446205	0
16738	5
16739	0
16741	0
1936822	0
1936823	0
16749	2
16750	4
16751	6
16752	0
16753	0
16754	0
16755	1
16756	1
16757	0
16758	0
16759	0
16760	0
16761	0
16762	0
16763	0
16764	0
16765	0
16766	0
16767	0
16768	0
16769	1
1936830	0
16771	0
16772	0
16773	0
16774	0
16775	0
16776	0
1936831	0
16777	0
16778	0
16779	0
1936832	0
1936833	0
1936834	0
1936835	0
1936836	0
16780	0
16781	0
16782	0
16783	0
16784	0
16785	1
1936837	0
1936838	2
16788	1
16789	3
16790	0
16791	0
16792	1
16793	2
16794	3
16795	2
16796	7
16797	1
16798	3
1936841	0
16800	0
16801	0
16802	0
16803	0
16804	1
16805	0
16806	0
16807	0
16808	0
16809	0
16810	0
16811	0
16812	0
16813	0
16814	0
16815	0
16816	0
16817	0
16818	11
16819	0
16820	1
16821	1
16822	0
16823	0
16824	0
16825	0
16826	0
16827	0
16828	0
16829	0
16830	0
16831	0
16832	0
16833	0
16834	0
16835	1
16836	0
16837	2
11403151	2
11545514	0
11687906	0
11403152	0
11545515	0
11687907	0
11403153	0
11545516	0
11687908	0
11403154	0
11545517	0
11687909	0
11403155	0
11545518	0
11687910	0
11403156	0
11545519	0
11687911	0
11403157	0
11545520	0
11687912	0
11403158	0
11545521	0
11687913	0
11403159	0
11545522	0
11687914	0
11403160	0
11545523	0
11687915	0
11403161	0
11545524	0
11687916	0
11403162	0
11545525	0
11687917	0
11403163	0
11545526	0
11687918	0
11403164	0
11545527	0
11687919	0
11403165	0
11545528	0
11687920	0
11403166	0
11545529	0
11687921	0
11403167	0
11545530	0
11687922	0
11403168	0
11545531	0
11687923	0
11403169	0
11545532	0
11687924	0
11403170	0
11545533	0
11687925	0
11403171	0
11545534	0
11687926	0
11403172	0
11545535	0
11687927	0
11403173	0
11545536	0
11687928	0
11403174	0
11545537	0
11687929	0
11403175	0
11545538	0
11687930	0
16838	3
16839	1
16840	2
16841	4
16842	5
16843	0
16844	10
16845	16
10279119	0
16846	0
16847	3
16848	1
16849	0
16850	2
16851	6
16852	0
16853	0
16854	2
16855	1
1936849	0
16858	2
16859	1
16860	3
11403176	0
11545539	0
11687931	0
11403177	0
11545540	3
11687932	0
11403178	0
11545541	1
11687933	0
11403179	0
11545542	5
11687934	0
11403180	0
11545543	1
11687935	0
11403181	0
11545544	2
11687936	0
11403182	0
11545545	1
11687937	0
11403183	0
11545546	3
11687938	0
11403184	0
11545547	1
11687939	0
11403185	0
11545548	3
11687940	0
11403186	0
11545549	1
11687941	0
11403187	0
11545550	2
11687942	0
11403188	0
11545551	0
11687943	0
16861	0
7497361	0
16862	0
16863	0
16864	0
16865	0
16866	0
16867	0
16868	1
16869	0
16870	0
16871	1
16872	0
16873	0
16874	2
16875	0
16876	0
1936852	0
16877	1
16878	0
16879	0
16880	0
16881	1
16882	0
16883	1
16884	0
16885	0
16886	0
16887	1
16888	0
16889	0
16890	0
16891	0
16892	0
1936854	0
16893	0
16894	1
16895	0
16896	0
16897	0
1936856	0
1936857	0
1936858	0
16898	0
16899	0
16900	0
16901	0
16902	0
16903	0
16904	0
16905	1
16906	0
16907	0
16908	1
16909	0
16910	1
16911	0
3446206	0
16912	0
16913	0
16914	0
16915	1
16916	0
16917	1
1936861	0
1936862	0
16918	0
16919	0
16920	0
16921	1
16922	0
16923	0
16924	0
16925	2
16926	0
16927	0
16928	1
16929	0
7497362	0
16930	0
16931	0
16932	1
16933	0
16934	2
16935	0
16937	0
1936869	0
16940	0
16941	0
16942	0
16944	0
1936872	0
16945	0
16946	1
16947	0
16948	0
16949	1
1936874	0
16951	0
16952	0
16953	1
16954	0
16955	0
16956	3
16957	0
16958	1
16959	0
16960	0
16961	0
16962	0
16963	1
1936879	0
16966	0
16967	0
16968	0
7497363	1
16969	7
16970	0
16971	1
16972	3
16973	1
16974	0
16975	0
16976	0
16977	0
16978	0
16979	0
16980	1
16981	0
16982	1
16983	4
16984	0
16985	0
16986	4
16987	1
16988	1
16989	0
16990	0
1936884	0
16991	1
1936886	0
7497364	0
16992	0
16993	0
16994	0
16995	0
16996	1
16997	0
16998	0
16999	1
17000	0
17001	0
17002	0
17003	0
17004	0
17005	1
17006	0
17007	0
17008	0
17009	0
1936889	0
17012	0
17013	0
1936890	0
17015	1
17016	0
17017	0
17018	0
17019	0
17021	0
17022	0
17023	0
17024	0
17025	0
17026	0
17027	0
17028	0
17029	2
17030	0
17031	0
17032	0
17033	3
17034	3
17035	1
17036	1
17037	0
17038	0
17039	0
17040	0
17041	0
17042	1
17043	0
17044	2
17045	0
1936900	0
17046	7
17047	0
17048	0
17049	1
17050	3
1936902	96
17053	0
17054	0
17055	0
1936903	0
1936904	0
17057	0
17058	0
17059	0
17060	0
1936905	1
17062	2
17063	2
17064	1
17065	1
17066	1
17067	0
17068	1
17069	0
17070	1
17071	0
17072	0
17073	0
17074	1
17075	0
17076	0
3446208	0
17078	0
17079	0
17080	0
17082	0
17083	0
17085	1
17086	0
17087	1
17088	0
17089	0
1936911	0
17091	0
1936912	0
17093	0
17094	0
17095	0
17096	1
17097	0
17098	0
1936913	0
17100	0
17101	0
17102	0
17103	0
17104	0
17105	0
17106	0
17107	0
17108	0
17109	0
17110	1
17111	0
17113	0
17114	0
17115	0
17116	0
17117	0
17118	0
17119	0
1936918	0
17120	0
17121	0
17123	7
17124	18
17125	0
17126	1
17127	18
1936920	0
7497365	0
3446209	0
7497366	1
17128	0
17129	2
17130	0
17131	0
17132	0
17133	0
17134	0
17135	0
17136	10
17137	4
17138	0
17139	2
17140	1
17141	0
17142	1
17143	0
17144	1
1936922	0
17145	4
17146	0
17147	0
17148	0
17149	0
17150	1
1936924	2
17152	0
1936925	0
17154	0
17155	2
17156	4
17157	1
17158	0
17159	3
17160	2
17161	4
17162	0
1936928	0
1936929	1
17164	0
17165	0
17166	1
17167	0
17168	0
17169	0
17170	0
17171	1
17172	0
17173	0
17174	0
17175	0
17176	0
17177	1
17178	0
17179	0
17180	0
17181	0
17182	1
1936934	1
1936935	0
1936936	0
17187	0
1936938	0
17189	0
17190	0
17191	0
17192	0
17193	0
17194	0
17195	21
1936941	4
17197	0
17198	0
17199	0
17200	0
17201	0
17202	0
17203	3
17204	0
17205	2
17206	0
17207	0
1936945	0
17209	0
17210	0
17211	2
17212	0
17213	0
17214	1
17215	6
17216	1
17217	1
17218	0
17219	0
17220	2
17221	1
17222	0
17223	0
17224	2
17225	0
17226	0
17227	0
17228	1
17229	0
17230	0
17231	0
17232	0
17233	0
17234	1
17235	1
7497367	0
17236	0
17237	0
1936951	0
17238	0
17239	0
17240	0
17241	0
17242	0
17243	0
1936953	0
17244	0
17245	1
1936955	0
17246	1
17247	0
17248	0
17249	0
17250	0
17251	0
17252	0
17253	1
17254	1
17255	0
17256	0
17257	0
17258	1
17259	0
17260	1
17261	0
17262	0
17263	0
17264	0
17265	0
17266	0
17267	0
17268	0
17269	0
17270	0
17271	0
17272	0
17273	0
17274	0
17275	0
17276	0
17277	0
17278	0
17279	0
17280	0
1936961	0
1936962	1
17282	0
17283	0
17284	1
17285	0
17286	0
17287	0
1936963	0
17289	0
17290	0
17291	3
17292	11
17293	3
17294	1
17295	1
17296	0
17297	0
17298	6
17299	0
17300	0
17301	0
17302	0
17303	4
17304	0
17305	0
17306	0
17307	0
17308	0
17309	0
17310	0
17311	1
17312	2
17313	0
17314	0
17315	1
1936971	5
17317	0
17318	0
17319	0
17320	0
17321	0
17322	1
17323	1
7497368	0
3446211	0
17325	0
17326	0
17327	0
17328	0
17329	0
17330	0
17331	0
17332	4
17333	0
17334	0
17335	0
17336	2
17337	0
17338	0
1936976	1
17340	10
17341	0
1936978	1
1936979	0
1936980	0
1936981	0
1936982	0
1936983	0
1936984	0
17342	0
17343	0
17344	0
17345	0
1936986	0
17347	0
1936987	0
17349	0
17350	0
17351	0
17352	0
17353	0
1936988	0
17355	0
17356	0
17357	0
17358	0
17359	0
17360	0
17361	0
17362	0
17363	0
17364	0
17365	0
17366	0
17367	0
17368	0
17369	0
17370	0
17371	0
17372	0
17373	0
17374	0
17375	0
17376	0
17377	0
17378	0
17379	0
17380	0
17381	0
17382	0
17383	0
17384	0
17385	1
17386	1
17387	0
17388	1
17389	0
17390	0
17391	0
17392	1
17393	0
17394	0
17395	0
17396	1
17397	0
17398	1
17399	0
17400	1
17401	1
17402	2
17403	0
17404	0
17405	0
17406	0
17407	0
17408	3
17409	0
17410	0
17411	0
17412	0
1936994	0
17413	0
17414	0
17415	0
17416	1
17417	0
17418	0
17419	1
17420	0
17421	0
17422	4
17423	1
17424	2
17425	0
17426	0
17427	0
17428	0
17429	0
1936996	1
17431	0
17432	0
17433	0
17434	0
1936999	0
17437	0
17438	0
17439	2
17440	1
17441	0
17442	1
17443	1
17444	0
17445	1
1937003	2
17447	0
17448	1
17449	0
17450	0
17451	1
17452	2
1937004	0
17454	1
17455	3
17456	0
17457	3
17458	7
17459	0
17460	6
17461	0
17462	0
17463	0
17464	0
17465	0
17466	0
17467	0
17468	0
1937010	0
17470	0
17471	0
17472	0
17473	0
17474	1
17475	2
17476	1
17477	0
1937013	0
17479	1
1937014	0
17481	0
1937015	2
17483	2
17484	4
17485	1
1937016	0
17487	0
17488	2
17489	3
17490	0
17491	0
17492	0
17493	1
17494	0
17495	0
17496	0
1937018	0
17498	0
1937020	0
17500	0
17501	1
1937021	0
17502	2
17503	5
17504	0
17505	0
17506	0
3446212	0
17507	0
17508	0
17509	0
17510	5
17511	0
17512	0
17513	0
17514	0
17515	1
17516	0
17517	2
17518	0
17519	0
17520	0
1937025	0
17522	1
17523	0
17524	0
17525	3
17526	1
17527	1
17528	1
17529	1
17530	1
17531	0
17532	0
17533	0
17534	0
17535	0
17536	0
17537	0
17538	0
17539	0
17540	2
17541	4
17542	0
1937029	15
17544	1
1937031	0
17545	18
17546	0
1937033	2
17548	2
17549	4
3446214	0
17552	1
17553	4
17554	0
17555	0
17556	0
17557	0
17558	0
17559	0
17560	0
17561	0
3446215	0
17562	0
17563	0
17564	0
17565	0
17566	0
17567	0
17568	0
17569	0
17570	0
17571	0
17572	0
17573	0
17574	0
17575	0
17576	0
1937039	0
17577	0
17578	0
17579	2
17580	0
17581	0
17582	2
17583	0
17584	0
17585	0
17586	0
17587	0
17588	0
17589	0
17590	0
1937043	0
17592	0
17593	0
17594	0
17595	0
17596	0
17597	0
17598	0
17599	0
1937046	0
1937047	0
17600	0
17601	0
17602	0
17603	0
17604	0
17605	0
1937048	0
17606	0
17607	0
17608	0
17609	1
17610	1
17611	6
1937052	0
17613	0
17614	0
17615	0
17616	0
1937055	0
3446217	0
17618	0
17619	0
3446219	0
17620	0
17621	1
1937056	2
17622	6
17623	0
17624	0
17625	0
17626	0
17627	0
17628	1
17629	0
17630	0
1937059	0
17632	0
1937060	0
17634	2
17635	0
17636	0
17637	2
17638	1
1937061	0
17640	0
17641	0
17642	0
17643	0
17644	0
3446221	0
3446223	0
17645	0
17646	0
17647	1
17648	1
17649	1
1937064	1
17651	1
17652	0
17653	0
17654	15
17655	0
1937065	0
17657	10
3446225	0
3446227	0
3446228	0
3446230	0
17658	1
17659	0
17660	0
17661	0
17662	0
1937066	0
17663	1
17664	0
17665	0
17666	0
17667	0
17668	0
17669	0
17670	0
17671	0
17672	1
17673	1
17674	0
17675	0
17676	0
17677	1
17678	1
17679	0
17680	2
17681	0
17682	5
17683	52
17684	34
17685	0
17686	109
17687	170
17688	155
17689	0
17690	0
17691	26
17692	33
17693	103
17694	0
17695	0
17696	0
17697	0
17698	0
17699	1
17700	0
17701	0
17702	0
17703	0
17704	0
17705	0
17706	71
17707	0
17708	1
17709	0
17710	0
17711	0
17712	0
17713	0
17714	1
17715	0
17716	1
17717	1
17718	0
1937077	0
3446232	0
17719	0
17720	1
17721	0
1937078	0
17722	0
17723	0
17724	0
17725	0
17726	0
17727	0
17728	0
17729	0
17730	0
17731	2
17732	0
3446233	0
3446235	0
17733	0
17734	0
17735	0
17736	0
17737	1
17738	0
17739	0
17740	1
1937084	0
1937086	0
17743	2
17744	1
17745	0
17746	0
17747	0
17748	1
17749	4
17750	0
1937093	1
1937094	0
17752	1
1937095	0
1937096	0
17756	1
17757	0
1937098	0
17759	0
17760	0
17761	0
17762	0
17763	0
1937099	0
17765	1
17766	1
17767	0
17768	1
17769	0
17770	0
17771	0
17772	0
17773	0
17774	0
17775	1
17776	3
17777	1
1937101	1
17779	26
17780	0
17781	0
17782	1
17783	0
17784	0
17785	0
17786	0
17787	0
17788	2
17789	0
17790	0
17791	0
17792	1
17793	0
17794	0
17795	0
17796	0
17797	0
17798	0
17799	0
17800	0
17801	0
17802	1
17803	0
17804	0
1937104	0
17806	1
1937106	0
17808	1
17809	0
17810	0
17811	1
17812	0
17813	2
17814	0
1937108	2
1937109	0
1937110	0
1937111	0
1937112	0
1937113	0
1937114	0
1937115	0
17817	0
17818	2
17819	0
7497369	0
1937116	0
17821	0
1937119	0
1937120	2
17824	1
17825	0
17826	0
17827	0
1937122	0
1937123	0
1937124	0
17831	0
17832	0
17834	0
17835	2
17836	0
1937127	0
1937128	0
1937129	2
17840	0
1937130	0
17842	0
17843	0
1937131	3
17845	0
17846	1
1937132	0
1937133	0
1937134	0
1937135	0
1937136	0
1937137	4
17849	1
1937138	0
17850	0
17851	1
17852	1
1937139	0
17854	0
17855	0
1937140	0
17858	0
17859	0
17860	0
17861	0
17862	0
1937142	1
17864	0
17865	0
17866	0
1937144	0
17868	0
17869	0
1937146	0
1937147	1
1937148	0
1937149	0
1937150	0
17875	0
17876	0
17877	6
1937151	0
17879	0
17880	0
1937152	0
17882	0
17883	0
17884	0
1937154	0
17886	0
1937155	0
17888	0
17889	2
17890	0
1937156	0
17892	1
17893	0
17894	0
1937158	0
17896	0
1937159	0
1937160	0
1937161	0
1937162	0
1937163	0
17897	3
17898	1
17899	0
17900	0
17901	0
17902	3
17903	0
17904	0
1937165	0
17905	0
1937167	0
17906	0
17907	0
7497370	1
17908	1
17909	0
17910	1
1937169	0
17912	1
17913	1
17914	0
17915	2
1937170	0
17917	0
17918	0
17919	0
17920	0
17921	0
17922	0
17923	0
17924	0
17925	0
17926	0
17927	0
17928	0
17929	0
17930	0
17931	1
17932	0
17933	0
17934	0
17935	0
17936	0
17937	1
17938	0
17939	1
17940	1
17941	0
17942	0
1937180	0
17944	1
17945	0
17946	0
17947	2
17948	0
17949	0
17950	0
17951	1
17952	0
1937184	0
17954	0
17955	0
17956	0
17957	3
17958	0
17959	1
17960	1
17961	0
17962	0
17963	0
17964	0
17965	0
17966	1
17967	0
17968	0
17969	0
17970	0
17971	0
17972	0
17973	0
17974	2
17975	0
17976	3
17977	0
17978	0
17979	0
17980	0
17981	0
17982	0
17983	0
17984	0
17985	1
1937187	2
17988	1
17989	0
17990	1
17991	1
17992	0
17993	2
17994	2
17995	0
17996	2
17997	0
17998	0
17999	0
1937190	0
18000	0
18001	0
18002	0
18003	0
18004	0
18005	0
18006	2
1937193	0
1937194	0
1937195	0
1937196	0
18007	1
18008	0
18009	0
1937197	0
1937198	0
1937199	0
1937200	0
18011	0
18012	0
18013	0
18014	0
18015	0
18016	0
18017	0
18018	0
18019	0
18020	0
7497371	0
18021	1
18022	1
1937202	0
18024	0
18025	1
18026	0
18027	0
1937204	0
18029	0
18030	0
18031	0
18032	0
18033	0
18034	0
18035	62
18036	2
18037	4
18038	1
1937207	0
1937208	0
1937209	0
1937210	0
18039	0
18040	4
18041	3
18042	3
18043	0
18044	1
18045	11
18046	0
18047	1
18048	0
18049	0
18050	2
18051	3
18052	2
18053	0
18054	0
18055	2
18056	1
18057	1
3446236	0
18058	0
18059	1
18060	0
18061	0
18062	1
18063	0
18064	9
18065	1
18066	0
18067	1
18068	0
18069	0
18070	0
18071	0
18072	1
18073	0
18074	0
18075	0
18076	2
18077	0
18078	1
18079	0
18080	0
18081	0
18082	0
3446237	0
18083	7
18084	0
18085	0
18086	0
18087	0
18088	0
18089	1
18090	0
18091	0
1937218	0
18092	0
18093	0
18094	41
18095	2
18096	0
18097	0
18098	0
18099	0
18100	0
18101	0
18102	3
18103	0
18104	4
18105	1
18106	0
18107	0
18108	5
18109	5
18110	1
3446238	0
18111	16
18112	6
18113	0
18114	0
18115	0
18116	0
18117	0
18118	0
1937223	4
18120	5
18121	0
18122	2
18123	4
18124	1
1937224	0
18126	1
18127	1
18128	1
18129	2
18130	1
18132	1
18133	0
18134	0
18135	0
18136	0
18137	3
18138	3
18139	0
18140	1
18141	0
18142	2
18143	1
18144	0
18145	0
18146	1
18147	0
18148	1
18149	1
18150	0
18151	0
18152	0
18153	1
18154	1
18155	0
18156	3
1937228	0
18157	0
18158	0
18159	0
18160	0
18161	1
3446240	1
1937229	0
18162	0
18163	1
18164	0
18165	1
18166	1
18168	0
18169	0
18170	0
18171	0
18172	0
18173	2
18174	3
18175	0
1937234	0
1937235	0
18176	0
18177	0
18178	8
18179	0
18180	0
18181	0
18182	0
18183	0
18184	4
18185	10
18186	0
18187	0
18188	0
18189	0
18190	0
1937241	0
1937242	0
1937243	0
7497372	0
18191	0
18192	3
18193	0
18194	1
18195	1
18196	0
18197	0
18198	0
18199	0
18200	0
18201	0
18202	0
18203	0
18204	0
18205	0
18206	0
18207	0
18208	2
18209	0
18210	9
18211	2
18212	1
18213	1
18214	1
18215	2
18216	0
18217	0
18218	0
18219	0
18220	5
18221	1
18222	2
18223	3
18224	0
18225	0
18226	0
18227	0
18228	0
18229	0
18230	0
18231	0
18232	0
18233	0
18234	0
18235	2
18236	5
18237	0
18238	1
18239	1
1937253	0
18241	1
18242	0
18243	1
18244	3
18245	0
18246	3
18247	0
18249	0
18250	0
18251	1
18252	1
1937256	0
18255	1
18256	1
18257	0
18258	0
18259	1
18260	0
18261	0
18262	1
18263	3
18264	3
18265	1
18266	0
18267	1
18268	0
18269	0
18270	0
18271	0
18273	1
18274	3
18276	1
18277	1
18278	144
18279	1
18280	0
1937264	2
1937265	4
18283	0
18284	1
18285	1
18286	0
18287	0
18288	1
18289	2
18290	0
18291	0
18292	0
18293	1
18294	3
1937268	0
18295	0
18296	0
18297	0
1937269	0
18301	0
18302	0
18303	0
18304	0
3446241	0
18305	0
18306	0
3446243	0
18308	0
1937276	0
18310	0
18311	0
18312	0
18313	0
18314	0
18315	0
18316	0
18317	0
18318	0
1937279	0
18319	0
18320	0
18321	0
18322	0
18323	0
18324	0
18325	0
18326	0
3446244	0
18327	0
18328	0
1937284	0
18329	0
3446246	0
18330	0
18331	0
1937286	0
3446248	0
18332	0
18333	9
18334	2
18335	0
18336	0
18337	0
18338	9
18339	0
18340	0
18341	4
18342	0
18343	0
18344	1
18345	0
18346	0
18347	3
18348	1
18349	14
18350	5
18351	0
18352	0
18353	0
18354	0
18355	0
18356	3
18357	1
18358	2
18359	3
18360	3
18361	2
18363	0
18364	6
18365	2
18366	0
1937299	0
18369	0
18370	0
18371	0
3446249	0
18372	0
18373	0
18374	0
18375	0
18376	4
18377	0
18378	0
18379	0
18380	0
1937304	3
18382	0
18383	2
18384	1
18385	0
18386	0
18387	3
18388	0
18389	0
18390	0
18391	4
1937310	1
1937311	0
1937312	0
1937313	0
18392	1
18393	0
18394	0
18395	1
18396	0
18397	0
1937314	0
18398	1
1937315	10
18400	4
18401	0
18402	1
18403	0
18404	0
18405	0
18406	0
18407	4
18408	0
18409	0
18410	1
18411	1
18412	1
18413	0
18414	0
18415	1
18416	0
18417	0
18418	0
18419	0
18420	2
18421	6
18422	0
18423	0
18424	7
