	HS_Glcn_C	HS_Glcn_S	HS_Glu_C	HS_Glu_S	HS_Gly_C	HS_Gly_S
[1045] putrescine [15.709]	4.116165767	0.261566172	1.062598691	8059835.875	1.154503465	0.421234102
[754] glycerol 1-phosphate [16.056]	2.407783886	1276355	2.585068182	896549	0.723807271	3214685
[33032] L-glutamic acid 2 [14.398]	0.293400872	194780.5	23.85328812	735349.875	0.363553755	748706.875
[145742] L-proline 2 [10.321]	1.691858832	266565.125	21.24480745	649190.25	0.887418002	154643.625
[6106] L-leucine 2 [9.945]	0.923513445	242543.875	12.07821594	596806.625	0.240864217	103121.125
[6057] L-tyrosine 1 [17.345]	1008555	542342.75	672230.25	439626.25	4.963448971	368848.625
[70914] N-acetyl-L-glutamic acid 1 [13.063]	0.324892593	0.392296105	4.366024863	399633.125	2.111784148	844009.25
[597] cytosine 2 [13.255]	0	0	0	300564.125	0	0.423804553
[7427] D-(+) trehalose [24.752]	3703596.5	1851798.75	561625.5	280813.25	0	0
[10712] cellobiose 1 [24.444]	3661642.25	1830821.625	556239.5	278120.25	0	0
[445639] oleic acid [20.504]	0	0	0.467472196	130342.5	28734.5	27407.5
[5288725] N-methylalanine [8.43]	0	0	241334.75	120667.875	0	0
[1000] 2-amino-1-phenylethanol_ [15.668]	0	0	239919.25	119960.125	0.598944833	843144.125
[5280450] linoleic acid [20.399]	0	0	1.259294393	111013.125	23548	27891
[790] hypoxanthine [16.479]	0	0	0	105999.25	0	0.254989139
[6288] L-threonine 2 [11.464]	0	53519.875	195695	97848	0	27691.75
[5951] L-serine 2 [11.174]	5.720171758	94249.625	113925.75	56963.375	0.892775796	150739.875
[445638] palmitoleic acid [18.728]	0	0	0.319240808	51356.25	33439.5	16720.25
[13945] 2-deoxycytidine 5-monophosphoric acid [16.352]	25846	12923.5	80457.75	40229.375	0	0
[6613] pantothenic acid 2 [18.371]	0	66039.125	65463	32732	1.931147903	37135.75
[1176] urea [9.599]	0	0	47522.25	23761.625	0	0
[457] 1-methyl nicotinamide 1 [12.736]	184032	92016.5	46161.25	23081.125	1.196729983	69855.125
[70] 2-ketoisocaproic acid 2 [9.041]	0	0	0	20622.75	0	0
[1088] sarcosine [8.032]	0	288368.25	0	18551.5	0	0
[16219957] sedoheptulose anhydride monohydrate [17.766]	0	314018.375	0	17999.875	1.20665257	0.172421204
[750] glycine [10.456]	1.082214409	2.585488175	16.48695031	34.55602584	0.614187158	3.794018106
[45] tartronic acid [11.523]	0	0.099548486	30977.75	17.09907385	0	0.035716594
[33032] L-glutamic acid 3 (dehydrated) [13.232]	0.832772131	2.029450739	2.712870998	13.69309651	0.573821275	5.799834513
[791] DL-isoleucine 2 [10.225]	40.67572863	1037994.25	21.91077843	12.2849994	0.916336545	168164.75
[439665] threose 2 [12.371]	0	0.735702791	228349.5	5.333357802	0	0.04673871
[1110] succinic acid [10.509]	1.469228733	2.628125776	25.07250392	3.806794592	1.029137327	7.843038837
[6287] L-valine 2 [9.151]	1.644283341	1152584.75	5.730772244	3.461156173	3.396000469	3258738.875
[24749] D-glucose 1 [17.426]	402932.25	0.219495088	0.535231836	3.241979958	2.159847069	0.116470061
[604] gluconic acid 2 [18.297]	0.222907056	0.042406291	35.0335919	3.173065577	1675470.5	8.87312095
[444212] trans-aconitic acid [15.842]	0.975537682	0.279077285	0.615673078	2.805996357	1.861761507	0.86700029
[6287] L-valine 1 [7.296]	3.782857973	497732.875	10.35581834	2.144790024	4.516053417	1402545
[5950] L-alanine 1 [7.495]	0.559632443	399866.625	2.070901922	1.85766375	0.758695773	1898553.5
[444972] fumaric acid [10.94]	2.473135498	0.673782757	189790.75	1.18650801	0.799207247	162342.375
[3893] lauric acid [14.789]	0	0	0.457763999	1.171447938	0	32846.125
[1135] thymine [11.599]	0.759825184	1.115419205	1.864160085	1.136116567	0	0.345843251
[36] 2-isopropylmalic acid [13.836]	0	186860.625	232223	1.046443635	0	14716.75
"[19] 2,3-dihydroxybenzoic acid [15.698]"	0.48617674	0.615273431	0.694552254	1.039557651	1.066503569	0.154197587
[985] palmitic acid [18.846]	1.591587476	0.592322517	0.852452337	0.915972525	0.9859488	1.112998199
[753] glycerol [9.941]	0.694985815	1.22617335	1.265696178	0.890878509	0.867898918	0.095512366
[169019] D-threitol [12.954]	0	0.240115911	0	0.845447816	0	108.5818999
[1004] phosphoric acid [9.966]	1.200893803	0.639287494	1.107407971	0.806885667	0.969074812	5.094596704
[1015] O-phosphocolamine [16.232]	1.5088833	0.7799721	0.878126135	0.721307813	1.050817023	0.512693185
[C9] Methyl Pelargonate [9.248]	1.032236136	1.082986925	0.827676243	0.709258581	1.015132313	0.848268296
[C10] Methyl Caprate [10.647]	1.034367144	1.081325961	0.806825271	0.697848324	1.017891464	0.859394432
[311] citric acid [16.615]	0	6.323762331	17.12806174	0.692557708	0	0.204405986
[C12] Methyl Laurate [13.250]	1.053501723	1.113511971	0.790819975	0.685943527	1.035880652	0.94698005
[C8] Methyl Caprylate [7.812]	1.045351808	0.855532856	0.829339317	0.685014794	1.013869711	0.821335405
[C14] Methyl Myristate [15.597]	1.073714746	1.010303244	0.833692304	0.679136187	1.01854488	0.962282018
[C16] Methyl Palmitate [17.723]	1.058489661	1.125791519	0.816340938	0.669264487	1.028477851	0.954402971
[C18] Methyl Stearate [19.663]	1.040843249	1.163739385	0.797819923	0.607652444	1.056450103	0.966424906
[C20] Methyl Eicosanoate [21.441]	1.039293288	1.183924927	0.78348414	0.585552333	1.069776283	0.982886367
[C24] Methyl Linocerate [24.603]	1.056126312	1.167497265	0.786230435	0.581861644	1.086118823	1.043470909
[C22] Methyl Docosanoate [23.082]	1.012989505	1.143227848	0.768406408	0.578991148	1.074768629	1.018650881
[10436] orcinol [12.28]	0	0.201277828	0	0.565736683	0	818358.125
[C26] Methyl Hexacosanoate [26.023]	1.024276134	1.14303533	0.747304289	0.55381554	1.097060163	1.088577848
[439559] palatinose [25.482]	0	0	0	0.538951673	0	0
[C28] Methyl Octacosanoate [27.349]	1.011583575	1.144131324	0.725021937	0.532512999	1.073069598	1.123649196
[5988] Sucrose [23.988]	0	0.487565787	37849	0.464001569	0	21266.875
[66868] porphine 1 [10.77]	34319.25	0.027998429	1.001346229	0.461002577	2.370407736	1.569565859
[C30] Methyl Triacontanoate [28.723]	1.098256963	1.151421555	0.702424864	0.425421093	1.119749325	1.154777145
[1174] uracil [10.777]	0.418187908	0.590814873	1.360062577	0.337849247	2.08597309	1.071828677
[439194] glyceric acid [10.735]	1.025898144	1.6876315	0.811680838	0.337636634	1.012819636	2.114206964
[11005] myristic acid [16.887]	3.597079782	0.159926955	1.161568437	0.325662121	0.974797651	2.887254254
[151138] cis-4-hydroxycyclohexanecarboxylic acid [12.776]	0	0.474266986	0	0.317701305	0	21.05426628
[5950] L-alanine 2 [11.182]	0	0	150230	0.310506073	0.781523452	175968.125
[135] 4-hydroxybenzoic acid [14.505]	0	0.788560696	0	0.307751883	0	0.453588072
[439746] 6-deoxy-D-glucose 2 [15.751]	0	0.512033413	0	0.267586734	0	3.479521943
[84571] lactose 2 [24.534]	0	0	0	0.219902328	0	0
[439240] D-lyxose 1 [14.762]	0	0.632225968	0	0.102734784	0	95318.625
[2724552] tagatose 1 [17.011]	0	0	0	0.085022269	0	0
[71] gluconic acid 1 [17.693]	0	0.130976846	0	0.077256557	0	36836.875
[740] alpha-glucosamine 1-phosphate [16.631]	0	0	0	0.064496833	0	0
[12647] L-homoserine 1 [11.141]	0	0.854634312	0	0.056566753	0	100507
[101713] glucoheptonic acid 1 [18.985]	0	28197.75	0	0	0	24574.75
[124886] L-glutathione reduced [20.025]	780093.75	390047.375	0	0	0.23053895	115851.625
[1995] N-acetyl-L-leucine [12.142]	0	52188.75	0	0	0	14923.125
[206] D (+) galactose 2 [17.662]	0	0.883807396	0	0	0	4.416284808
[243] benzoic acid [9.594]	177854.5	1.557022636	0	0	0	26230.125
[2526] beta-glycerolphosphate [15.645]	0	0	0	0	36833.25	18417.125
[2724552] tagatose 2 [17.212]	0	0	0	0	0	0.353116329
[275] L-canavanine 2 [18.325]	0	0	0	0	0	3502.375
[3034828] palatinitol_2 [26.01]	0	0.645557762	0	0	0	0
[3625615] maltotriitol [31.801]	0	0	0	0	0	0
[441032] D (+)altrose 2 [17.46]	28963.25	3.258570866	0	0	0	0
[68152] 3-hydroxypropanoic acid 1 [13.763]	18499	1.817971496	0	0	0	47248.5
[6912] xylitol [15.376]	0	1.146999199	0	0	0	20413.75
[73563] D-glucosaminic acid 1 [18.387]	0	0	0	0	0	3502.375
[757] glycolic acid [7.049]	0	0.67292099	0	0	0	57060.125
[8299] acetol 1 [13.293]	0	1.127453893	0	0	0	0
[92824] D-malic acid [12.794]	54435	27218	0	0	1.629136001	90454
[938] nicotinic acid [10.27]	0	1.975532861	0	0	0	9111.5
[971] oxalic acid [7.883]	0	171251	0	0	0	0
